1.7994	-1.33765
1.05924	-0.326611
1.06361	-0.106409
1.05197	0.0156104
1.13152	-0.415513
0.949314	-0.235506
0.961886	-0.0863551
1.19838	-0.464489
1.05475	-0.32645
1.15321	-0.571632
0.931956	-0.365267
1.14871	-0.797941
1.48909	-1.34915
2.21298	-1.18009
1.95631	-1.15024
1.51114	-0.720488
1.50425	-0.723084
1.59482	-1.10303
2.01561	-1.94729
2.54574	-2.78246
2.1522	-2.19946
2.01659	-2.05138
1.74123	-1.60198
2.18061	-2.15117
1.89972	-1.72117
1.94271	-1.7354
1.77655	-1.4982
1.6468	-1.2547
1.95595	-1.61548
1.51879	-1.11051
1.03774	-0.709406
0.983793	-0.787389
0.933562	-0.718502
0.895767	-0.69149
1.0402	-0.801658
0.850755	-0.637258
1.10925	-0.898309
1.32295	-1.07647
1.4388	-1.22275
0.957096	-0.412441
0.776715	-0.240687
0.874848	-0.382532
1.25043	-0.823157
1.47284	-1.01289
1.04582	-0.521387
1.21246	-0.487622
0.281229	-0.0232647
0.132814	0.0744721
0.264191	0.300351
0.447527	0.303428
0.750471	0.436519
0.773357	0.362961
1.08251	0.695967
0.824312	0.226122
0.798661	0.186294
0.798873	-0.158586
1.08367	-0.901798
2.59578	-2.08129
3.03552	-2.91387
3.26827	-3.39822
3.22817	-2.9741
3.44767	-2.87514
2.6052	-1.46534
2.21373	-1.26276
1.62672	-1.34329
0.368782	-0.148443
0.0238074	0.0439119
0.619636	-0.139007
1.02818	-0.608365
1.39858	-0.961758
0.949891	-0.44458
0.888451	-0.399254
1.05319	-0.4149
0.689491	-0.239526
0.740229	0.317315
0.470426	-0.100162
0.683898	-0.388037
0.436677	-0.716725
0.355603	-0.80948
0.346235	-0.789795
0.297954	-0.776975
0.296695	-0.754507
0.342652	-0.782407
0.382076	-0.779162
0.433308	-0.762808
0.531174	-0.770616
0.654104	-0.743642
0.902151	-0.868772
1.2141	-1.01634
1.39725	-0.969618
1.54803	-0.977604
1.64702	-0.998027
2.22762	-1.79126
1.57917	-1.01312
1.39715	-0.894024
1.42961	-0.909058
1.78787	-1.26148
2.10764	-1.7328
2.24766	-1.79468
1.47876	-0.905781
0.92425	-0.946073
0.919253	-0.382525
0.696239	-0.166064
1.09623	-0.62742
1.13465	-0.631706
1.146	-0.694571
0.883455	-0.328153
1.05133	-0.540152
0.781152	-0.201558
1.1733	-0.70776
3.08821	-3.14196
3.32612	-3.20659
2.46	-2.07968
3.38598	-3.53682
3.41423	-3.53471
3.36902	-3.55239
2.85263	-2.96486
1.90651	-1.77328
2.11634	-2.06509
1.82993	-1.84687
1.49995	-1.34391
1.20529	-1.07767
1.1917	-1.09424
1.12357	-0.777712
0.548513	-0.160833
0.368514	-0.157228
0.34153	-0.0561798
0.31474	0.0407722
0.265588	0.0800857
0.24516	0.035693
0.367991	-0.194735
1.12516	-0.979086
1.91554	-1.89686
1.62868	-1.61631
1.17778	-1.24651
1.00842	-1.00492
1.15925	-1.24856
1.1172	-1.09478
0.976289	-1.01886
1.03484	-1.08529
1.13414	-1.22241
2.36936	-2.45823
2.34223	-2.40452
1.61823	-1.418
1.39925	-1.14622
1.49463	-1.26853
1.50401	-1.25136
1.43456	-1.12769
1.55219	-1.19966
1.40762	-0.946263
1.2887	-0.916874
1.29923	-0.795204
1.1626	-0.321662
1.32304	-0.475792
1.02529	-0.435449
1.31134	-1.03493
2.17529	-2.0408
3.25767	-3.02885
2.08337	-1.10573
1.68334	-0.710383
2.68951	-1.40972
2.09935	-1.2187
1.59718	-0.878113
1.71102	-1.47719
1.13496	-0.601453
1.20311	-0.698921
0.647578	-0.0799447
0.471723	0.11254
0.819923	-0.2465
1.128	-0.458827
1.49697	-0.936527
1.41141	-1.05879
1.12052	-0.851811
1.2101	-1.00531
1.02768	-0.611997
1.3226	-1.10791
1.11249	-0.883575
0.962641	-0.5723
0.945294	-0.333743
0.898982	-0.465545
0.798054	0.011771
0.862889	0.013159
0.788517	0.0340198
0.920006	0.0840622
0.773578	0.159689
1.02787	-0.404835
0.70606	-0.00574875
0.767969	-0.017735
0.817339	-0.035413
1.0326	-0.165968
0.963886	-0.0758919
0.826204	-0.0768666
0.88132	-0.650948
0.612436	-0.471725
0.415139	-0.388036
0.260725	-0.23335
-0.415335	-0.0928883
-0.121963	-0.336843
-0.11274	-0.556187
-0.0905181	-0.466031
0.177469	-0.381146
1.07905	-1.20646
1.36495	-1.29498
1.47275	-1.29051
1.90814	-1.75705
1.7381	-1.34214
1.58148	-1.03167
1.52681	-0.964412
1.50967	-0.898475
1.90227	-1.24451
1.1509	-0.812974
0.765329	-0.619459
0.406728	-0.174555
0.430414	-0.277808
0.598267	-0.252083
0.933341	-0.271292
0.946898	-0.154464
0.729155	-0.31237
1.38496	-0.796985
2.10972	-1.54554
1.31282	-0.667264
1.16306	-0.565126
0.813209	-0.247565
0.706935	-0.145334
0.942635	-0.346154
0.841919	-0.543352
0.762802	-0.491156
0.828329	-0.559811
0.69972	-0.477592
0.8274	-0.578271
0.804289	-0.527676
0.777357	-0.534826
0.791954	-0.517681
0.80319	-0.430198
0.934436	-0.405668
1.00493	-0.441514
0.93478	-0.335932
0.901512	-0.285849
0.936682	-0.373082
0.813406	-0.440382
0.972868	-0.791792
1.30888	-1.38079
1.52428	-1.65983
1.92796	-2.20179
2.39787	-2.84788
2.33125	-2.63137
2.34048	-2.58099
2.06267	-2.14792
2.40354	-2.67435
3.08259	-3.81173
2.96093	-3.54831
2.08304	-2.34538
0.761516	-0.902229
0.655877	-0.733806
-0.074912	0.141905
-0.0818827	-0.164789
-0.190674	-0.140399
-0.0189576	-0.238836
-0.0424518	-0.421126
0.172608	-0.398425
0.436027	-0.568754
0.689672	-0.806529
0.71027	-0.699588
0.947293	-0.679148
1.72337	-1.6646
1.94999	-1.9548
2.19431	-2.25875
2.58076	-2.79633
2.64292	-3.03257
2.4468	-2.59728
2.39483	-2.43771
2.39585	-2.06949
1.89345	-1.19393
2.2005	-1.74586
1.81289	-1.55498
1.68947	-1.60777
1.72889	-1.78191
2.55829	-2.89459
2.68539	-2.9755
2.70188	-2.93391
2.08516	-1.84763
1.87036	-1.35627
1.55686	-1.27482
1.46891	-1.3023
1.39022	-1.46603
1.27989	-1.1607
0.236814	-0.302681
0.254455	-0.204263
0.380323	-0.210455
0.236336	-0.270253
0.0629729	-0.155284
-0.0321137	0.00678006
0.610207	-0.238328
1.12	-0.823364
1.50799	-0.71196
1.05409	-0.142075
1.66211	-0.990747
1.40141	-0.661196
1.3177	-0.648306
1.25028	-0.685411
1.25121	-0.797363
1.19443	-0.771496
1.24738	-0.925917
0.769502	-0.48715
0.374447	-0.133542
0.15113	0.156782
0.448413	-0.278738
1.40192	-1.60528
1.30518	-1.72622
1.43963	-1.70555
1.54558	-1.67449
1.23524	-1.25481
1.56239	-1.34963
1.27826	-1.22219
1.10405	-1.05448
1.14595	-1.32145
1.00438	-1.07116
1.22036	-1.43649
1.05909	-1.22069
1.06148	-1.2243
1.38141	-1.44751
1.09188	-1.00376
0.90181	-0.61052
0.156698	-0.0740465
-0.136602	-0.00866286
0.361019	0.0603204
0.578254	0.153335
0.742879	0.0726186
1.15426	0.515484
0.912387	0.469328
0.792843	0.1896
0.678597	0.00830014
0.877423	0.227882
1.1014	0.511338
0.825264	0.226774
0.401767	-0.22591
0.499725	-0.333036
0.629917	-0.224928
0.507962	-0.0892014
0.607726	-0.260411
0.406312	-0.369021
0.561146	-0.10264
0.648939	-0.166648
0.873677	-0.507127
1.0482	-0.587197
1.29851	-0.654016
1.03033	-0.342882
0.94513	-0.263264
0.814407	-0.103544
1.04106	-0.329991
1.02097	-0.234058
0.904793	-0.0541507
0.962591	-0.154202
1.02885	-0.0220753
0.915864	-0.119563
0.96062	-0.143777
0.911271	-0.2465
0.841986	0.0770584
1.15203	-0.386723
1.31088	-0.370911
1.61026	-0.779327
1.30896	-1.02137
1.35148	-1.26001
2.17161	-1.99816
1.6599	-1.29496
1.35085	-0.884947
1.22819	-0.765874
1.11396	-0.636993
1.1854	-0.734865
1.31625	-0.885033
1.39573	-0.986599
1.36148	-0.969515
1.3525	-0.960359
1.48109	-1.09702
1.31087	-0.893564
1.30446	-0.892105
1.16797	-0.759076
0.970338	-0.59694
0.941577	-0.584524
1.2307	-0.919894
1.1306	-0.990892
1.10443	-1.11094
1.08335	-1.11314
1.13501	-1.10344
1.30934	-1.08545
1.48999	-1.32646
1.0869	-1.01706
0.778276	-0.722176
0.637465	-0.626303
0.500171	-0.481072
0.363453	-0.319369
0.34544	-0.306277
0.350246	-0.333834
0.51598	-0.446866
0.728777	-0.65757
0.167225	-0.131206
-0.0997909	-0.356089
-0.0251005	-0.357034
-0.0290412	-0.0584235
0.385788	-0.0818519
1.48284	-0.834652
1.85296	-1.66119
1.25421	-1.03288
1.03707	-0.832371
0.927935	-0.700107
0.924168	-0.738696
0.71806	-0.596758
0.875319	-0.690371
1.09627	-0.855937
1.34456	-1.37128
1.12063	-0.946836
0.916934	-0.558399
1.07856	-0.704377
1.026	-0.571582
1.22517	-0.746192
1.02534	-0.622562
1.12298	-0.750178
1.2657	-0.905949
1.04943	-0.70487
0.853065	-0.373308
0.31907	-0.434095
1.22162	-0.779328
1.22337	-0.758576
1.10173	-0.61326
1.14076	-0.654478
1.20107	-0.717307
1.27752	-0.785799
1.229	-0.698433
1.33755	-0.808979
1.264	-0.732243
1.39314	-0.878386
1.52093	-0.971904
1.5215	-0.881098
1.64608	-0.974416
1.57884	-1.11629
1.43051	-0.901928
1.55366	-1.10084
1.69915	-1.24696
1.45385	-1.11183
1.4736	-1.3284
1.57338	-1.51033
2.03047	-1.99291
1.53478	-1.3173
1.48968	-1.52343
1.4603	-1.73897
1.64353	-2.03136
1.43165	-1.85846
1.33119	-1.81506
1.42276	-1.94627
1.37456	-1.86771
1.473	-1.97051
1.83152	-2.41076
2.01445	-2.55206
1.72139	-2.03742
1.48635	-1.59647
1.47904	-1.40775
1.3694	-1.18806
1.28451	-0.923292
0.909703	-0.517948
0.659996	-0.187029
0.424336	0.0949115
0.399742	0.217519
0.486636	0.19816
0.454215	0.309521
0.504171	0.0240041
0.65759	-0.306235
0.973978	-0.744558
1.03705	-0.804616
0.824552	-0.729148
0.747945	-0.721675
0.636891	-0.627125
0.578207	-0.595612
0.653696	-0.716448
0.861461	-0.9264
0.990338	-1.16004
1.16106	-1.19906
0.717148	-0.942253
0.712107	-0.897392
1.07624	-1.17264
1.38832	-1.35904
1.30994	-1.18574
1.33102	-1.01927
0.976644	-0.604202
0.74096	-0.297987
0.961999	-0.509648
0.849357	-0.486961
0.957455	-0.458523
0.995481	-0.366467
1.2709	-0.480346
1.0183	-0.460558
0.999763	-0.275241
1.32082	-0.679435
1.00072	-0.327727
1.03025	-0.339664
0.951029	-0.0700852
1.12452	-0.517134
1.07627	-0.234954
0.74916	0.0593865
1.12204	-0.157192
0.980781	-0.0205257
0.988412	-0.362587
0.832331	-0.645674
1.51717	-1.31373
1.90084	-1.76493
2.58544	-2.40825
2.50005	-1.92576
1.7662	-1.33557
1.84171	-1.53762
1.40551	-1.224
1.15276	-0.948876
1.12738	-0.93667
1.05293	-0.935362
1.23674	-1.20831
1.65351	-1.74409
2.66649	-3.01814
3.45768	-4.10712
2.27205	-2.52044
1.67198	-1.7658
1.74638	-1.90296
1.51497	-1.62396
1.94391	-2.30373
1.88083	-2.19979
1.47029	-1.51868
1.89409	-1.84946
2.23852	-2.65942
3.04961	-3.79638
3.21992	-3.96905
2.68069	-2.88988
3.03063	-3.61122
2.57994	-3.01732
2.2479	-2.42961
1.69091	-1.54167
1.65339	-1.5408
1.39023	-1.07657
0.963013	-0.56581
1.01925	-0.59044
0.951546	-0.511137
0.710102	-0.284085
0.300681	-0.0151942
0.0425307	0.133872
0.2442	-0.186651
0.42604	-0.466071
0.501093	-0.51767
0.458555	-0.520773
0.547874	-0.577101
0.581586	-0.733605
0.812275	-0.835701
0.955696	-0.758244
1.12294	-0.853512
1.09507	-0.703131
1.28826	-0.951405
1.13597	-0.732313
1.24825	-0.857202
1.48733	-1.01511
1.8563	-1.34195
1.45829	-1.12299
1.34115	-1.20593
1.02522	-0.815309
1.29298	-1.15634
1.56116	-1.37312
1.30902	-0.821569
1.10323	-0.642218
0.986033	-0.469209
1.7708	-1.58215
1.6903	-1.43392
0.923384	-0.99303
1.34482	-1.07792
1.30615	-0.891054
1.58764	-1.282
1.60812	-1.16432
1.46396	-1.25035
1.34354	-0.791237
1.3874	-0.913311
1.78495	-1.62234
1.51709	-1.3107
1.06003	-1.14928
1.97906	-2.20142
1.31025	-1.27656
1.47505	-1.43043
1.47818	-1.39825
1.58662	-1.4773
1.45095	-1.1713
1.64458	-1.38406
1.23004	-1.07254
1.51158	-1.24437
1.34436	-0.623085
1.29945	-0.154543
1.16729	-0.684812
2.19991	-2.08813
1.84557	-1.74218
2.64777	-2.97099
2.43848	-2.81305
1.67002	-1.67074
1.2415	-1.02468
1.09891	-0.88706
0.983979	-0.825609
0.773004	-0.71988
0.668476	-0.729046
0.372498	-0.658147
0.217217	-0.678649
0.142121	-0.712911
0.134533	-0.709851
0.13592	-0.68322
0.219928	-0.66413
0.344652	-0.675315
0.527244	-0.713
0.786443	-0.723063
0.731567	-0.492353
0.775226	-0.423244
0.857265	-0.47828
1.03566	-0.661144
1.48458	-1.11874
1.11906	-0.872629
1.36919	-1.12841
1.27324	-0.963244
1.36878	-1.09236
1.77396	-1.46636
1.69414	-1.45166
1.84862	-1.7575
1.77456	-1.67469
1.34033	-1.24017
1.44764	-1.30216
0.867747	-0.719294
0.992873	-0.66223
1.49733	-0.623866
1.65944	-0.876505
1.93185	-1.96299
1.74542	-1.72448
2.10476	-2.19185
1.86247	-1.90097
1.21285	-1.165
0.884197	-0.867346
0.380308	-0.54873
0.265507	-0.532953
-0.0621828	-0.309014
-0.11294	-0.555868
-0.0591499	-0.459926
-0.233014	-0.457317
0.108502	-0.388736
0.66093	-0.88784
0.853515	-0.870237
1.19338	-1.13717
1.19999	-1.07398
1.06732	-0.860814
1.07684	-0.855503
1.33923	-1.20362
1.70383	-1.62779
1.74695	-1.6639
1.6413	-1.61107
1.80807	-1.81825
2.20643	-2.53041
1.65969	-1.78536
1.55322	-1.61386
1.88293	-2.0585
1.77113	-1.7984
1.56534	-1.11712
1.10999	-0.807374
1.18639	-0.768802
0.872347	-0.500336
0.757515	-0.228558
0.92758	-0.259603
1.28926	-0.776561
1.12552	-0.652292
1.30291	-0.845163
1.48074	-1.1172
1.60897	-1.37796
1.44448	-1.15703
1.58159	-1.34726
2.47959	-2.612
2.25077	-2.47525
2.52259	-2.897
1.85032	-1.7557
1.94671	-1.93516
1.98408	-1.75991
1.65974	-1.4614
1.123	-0.926414
1.21413	-0.866283
1.65238	-0.511065
1.60929	-1.22726
2.83851	-2.66244
2.26268	-1.91291
1.90129	-1.44694
1.67508	-1.19506
1.61724	-1.17338
1.57221	-1.12499
1.3643	-0.894951
1.29531	-0.803674
1.27311	-0.650802
1.11429	-0.628469
0.561282	-0.178903
0.638516	-0.320637
0.587309	-0.398815
0.566246	-0.420686
0.703755	-0.623863
0.791292	-0.599575
1.69723	-1.69609
2.02264	-2.13023
1.57764	-1.57409
1.36157	-1.05391
1.6274	-1.58957
1.34741	-1.06305
1.57329	-1.40523
1.7742	-2.05601
1.42597	-1.15855
0.961515	-0.386088
0.923663	-0.026386
1.07697	0.41474
0.744495	0.263636
0.803261	0.483741
0.781107	0.398716
0.83186	0.329333
0.617989	-0.0416383
0.397494	-0.260537
0.999751	-1.09092
1.02361	-1.30382
0.961755	-1.19804
0.844869	-1.01593
0.680472	-0.785869
0.738237	-0.71943
1.0622	-1.11358
0.93716	-0.398183
0.969013	-0.42292
1.0006	-0.129403
1.13959	-0.0081369
0.829608	-0.140531
1.2981	-1.13598
1.06607	-1.26641
1.68287	-2.03135
2.02923	-2.15397
2.08282	-1.73116
2.2302	-2.11701
1.84126	-1.59716
1.32211	-1.43532
1.55518	-1.23905
1.76138	-1.39835
1.62538	-1.24895
1.40584	-0.978456
1.24845	-0.799122
1.66157	-1.3165
1.61023	-1.31554
1.32995	-1.06662
1.35752	-1.00197
1.04355	-0.850725
0.803521	-0.656668
0.72817	-0.517534
0.982323	-0.497007
0.86699	-0.369401
0.965959	-0.491094
1.06668	-0.39264
1.11641	-0.493357
0.896867	-0.185363
1.10772	-0.538253
1.00229	-0.515682
0.856931	-0.265826
1.10547	-0.377667
0.96242	-0.221732
0.879049	-0.0433907
1.04887	-0.388438
1.1327	-0.275569
0.950627	-0.178386
1.05776	-0.670525
1.72805	-0.989213
1.78521	-1.19559
1.18508	-0.707037
1.19871	-0.928235
1.95384	-1.98083
2.50366	-2.28549
1.97438	-1.21879
1.632	-1.16121
1.40371	-1.07654
1.08841	-1.28543
1.42541	-0.706957
1.01947	-0.369854
0.67835	-0.0661822
1.09061	0.58898
0.864905	0.350918
0.800463	0.375396
0.846268	0.673562
0.0291815	-0.352829
0.969317	-0.93461
0.645384	-0.589197
0.588694	-0.562699
0.565055	-0.524089
0.717499	-0.678016
0.799605	-0.680153
0.689286	-0.83686
0.884384	-0.958516
0.765853	-0.696966
0.740434	-0.176196
0.763103	-0.421896
1.11577	-0.793848
0.780887	-0.553587
0.729365	-0.568575
0.424783	-0.298858
0.407319	-0.421689
1.47192	-1.60495
1.14591	-1.27118
0.661427	-0.820103
0.486687	-0.738694
0.631607	-0.870899
0.765143	-0.91595
0.924555	-0.896795
1.05851	-0.770851
1.20247	-0.766989
1.14895	-0.609348
1.20676	-0.540567
1.25673	-0.609273
1.30115	-0.673591
1.72275	-1.25904
1.51796	-1.39157
1.13575	-1.01455
0.755326	-0.646729
0.696037	-0.515925
0.780925	-0.261311
1.28395	-0.763866
2.53144	-2.07531
3.14826	-2.84815
2.76226	-2.10907
2.62549	-2.05602
3.16974	-3.47492
2.98095	-3.48319
2.35043	-2.61924
2.15731	-2.35444
2.31815	-2.59787
2.59281	-3.01755
2.48036	-2.81107
2.15438	-2.27549
2.06508	-2.16305
1.76675	-1.73152
1.25358	-1.10995
0.889633	-0.802067
0.431665	-0.335308
0.360058	-0.179489
0.457991	-0.193328
0.560461	-0.137796
0.514831	-0.0813268
0.616169	-0.163696
0.703137	-0.272564
0.86565	-0.384286
1.12093	-0.696571
1.51199	-1.09591
1.4768	-1.12677
1.11306	-0.77114
1.1958	-0.679329
1.47907	-0.863847
1.30245	-0.791467
1.143	-0.673286
1.2621	-0.779714
1.32321	-0.886118
1.68294	-1.23081
1.14089	-0.569312
-0.216092	-0.346276
0.381744	0.0742322
0.535718	0.272047
0.473764	0.106782
0.66598	0.278116
0.74103	-0.0249676
0.805063	-0.251646
0.834989	-0.0635804
0.720344	0.0907785
0.959234	-0.286705
0.882541	-0.469547
0.773172	-0.184242
2.23964	-1.75232
2.67934	-2.55237
2.70636	-2.6257
3.00998	-3.0682
3.68577	-4.30255
2.45871	-2.07438
1.90504	-1.58894
1.6393	-1.56078
1.09368	-0.826839
1.10787	-0.325467
0.910026	-0.469555
1.32994	-0.920566
1.40388	-0.908269
1.32906	-0.944413
0.693071	0.152173
0.608099	0.12463
0.279064	-0.205229
0.62315	-0.94182
1.17166	-1.1427
1.69733	-1.56201
2.23614	-2.26944
3.26527	-3.57844
2.93471	-3.1122
1.93949	-1.66466
1.61489	-1.31677
1.35804	-0.894063
1.07071	-0.533482
1.34507	-0.904819
1.37825	-0.840953
1.18618	-0.589367
1.16316	-0.698201
1.019	-0.597925
0.823568	-0.489454
0.844916	-0.540909
0.864329	-0.540803
1.25977	-0.937947
1.62362	-1.41397
1.7871	-1.598
2.10088	-2.17451
1.52465	-1.22847
1.42757	-1.08639
2.13189	-2.49084
1.99985	-2.46579
1.8459	-2.33781
1.79178	-2.3633
1.38356	-1.87385
1.59589	-2.03181
1.08933	-1.25607
0.779312	-0.58
0.825358	-0.628536
1.03702	-0.776279
1.09446	-0.680838
1.02866	-0.544713
0.990254	-0.56369
0.960577	-0.559986
1.09243	-0.64453
0.955909	-0.511158
1.11779	-0.587717
1.3869	-0.732393
1.49449	-0.837202
1.59431	-0.709275
1.48206	-0.542063
1.34098	-0.716249
1.45064	-1.07771
1.05875	-0.802833
1.06792	-0.793936
1.13351	-0.633628
0.746519	-0.231183
0.897081	-0.23969
1.04554	-0.660047
0.754428	-0.0839269
0.822492	-0.381084
0.693589	0.0595788
0.845843	-0.0135325
0.916464	-0.0705004
0.91812	-0.189873
0.860272	-0.0946705
1.05413	-0.252683
0.869619	-0.0688018
1.00721	-0.310454
0.806813	-0.177242
0.863653	-0.245875
0.620808	-0.0882652
0.906549	0.130101
1.00936	-0.21767
0.656343	-0.0345397
0.609934	-0.246246
0.707837	-0.160697
0.740517	-0.0399999
1.05143	-0.188463
0.941259	-0.463454
0.684771	-0.943611
0.525722	-0.871492
0.454191	-0.872753
0.61453	-1.03887
0.868762	-1.08643
1.07474	-1.16502
0.981983	-1.19864
1.17542	-1.39885
1.32176	-1.63544
1.33392	-1.62196
1.516	-1.80412
0.312047	-0.279324
-0.16186	0.0279985
-0.222168	-0.202766
-0.12929	-0.220957
0.474027	-0.535163
0.514494	-0.379052
0.958141	-0.56605
1.13711	-0.756843
1.05001	-0.72847
1.09152	-0.794347
1.3812	-1.11195
1.62702	-1.47211
1.77327	-1.53814
1.89603	-1.69111
1.77092	-1.64709
1.46857	-1.50401
1.12588	-1.2396
0.983468	-1.19412
0.784036	-1.12204
0.510099	-0.979193
0.244656	-0.89458
0.0366057	-0.845752
-0.144361	-0.773345
-0.138793	-0.777755
0.50995	-0.791207
0.831613	-0.899206
1.1073	-1.30934
1.0861	-1.20959
0.953896	-1.04044
0.802787	-0.934181
0.605629	-0.658064
0.246952	0.0892659
-0.125533	0.00868677
0.00569932	-0.282096
0.63368	-0.613836
0.817041	-0.700603
0.709381	-0.44831
0.804927	-0.405376
0.700775	-0.203349
0.706157	-0.18728
0.733593	-0.216357
0.568049	-0.109322
0.419904	-0.036963
0.393987	-0.11512
1.29227	-1.26272
1.75713	-1.83692
1.60484	-1.61051
1.63767	-1.77968
1.65076	-1.87732
1.65266	-1.82124
1.63297	-1.79488
1.69277	-1.79239
0.270641	-0.362034
0.082436	-0.179936
0.0488704	0.310833
-0.0699564	-0.0177634
0.0903202	-0.142522
0.178789	-0.335176
0.219747	-0.0293095
-0.0603222	-0.128163
0.575964	-0.285257
1.84379	-1.47738
1.75112	-1.46046
1.60834	-1.22135
1.29804	-0.823953
1.06987	-0.593808
0.951935	-0.519504
1.14043	-0.755204
1.00863	-0.717951
1.1775	-0.739348
1.48671	-0.770904
1.59444	-1.05023
1.54572	-1.10023
1.40467	-1.01432
1.38079	-0.962891
1.16319	-0.745139
1.188	-0.810541
1.23223	-0.980418
1.13203	-0.979027
0.732159	-0.588642
1.23058	-1.0655
1.68248	-1.4053
1.41686	-1.2905
0.540315	-0.3978
0.481421	-0.273513
0.39096	-0.0729181
0.17044	0.00452619
0.218318	-0.320828
0.392655	-0.448866
0.787106	-0.688412
1.28314	-1.26617
1.20629	-1.08236
1.79287	-1.62494
1.55103	-1.28088
1.33512	-0.919753
0.890555	-0.388188
0.701559	-0.162639
0.867073	-0.30723
1.11737	-0.617973
1.12119	-0.579082
1.37012	-1.38179
1.96291	-2.26675
1.84311	-2.2107
1.80624	-2.09551
1.60097	-1.92153
1.18125	-1.44115
1.25616	-1.60205
2.11409	-2.46188
1.7241	-1.92014
1.62134	-1.67766
2.11933	-2.08814
1.20664	-0.651116
0.71856	0.315417
0.441973	0.688449
0.579658	0.304211
0.55135	0.286703
0.629457	0.249406
0.803697	-0.0725628
0.872312	0.0635901
1.1276	-0.34909
1.03295	-0.342488
1.05943	-0.376992
1.32208	-0.686889
1.38256	-0.797088
1.38337	-0.954434
1.13811	-0.847729
0.769383	-0.581343
0.699296	-0.345653
0.334737	0.0158906
0.857846	-0.233788
1.37822	-1.0917
0.639641	-0.486607
0.556743	-0.306515
0.886285	-0.714151
0.807062	-0.398995
0.940231	-0.269199
1.06881	-0.428333
1.24754	-1.08211
1.50907	-0.941021
0.839583	-0.405758
0.608526	-0.496284
0.522969	-0.307588
0.654757	-0.363365
0.686523	-0.47492
0.754978	-0.0402975
1.0168	0.0538808
1.05292	-0.028347
0.871614	0.0035621
0.932636	-0.167205
0.850118	-0.130867
0.911336	-0.257114
1.10134	-0.493701
1.17819	-0.715389
1.20453	-0.874414
1.14019	-0.979747
1.5841	-1.36895
1.15423	-1.04031
0.460763	-0.700972
0.342713	0.0615946
1.60402	-0.889173
0.953953	-0.32348
0.286872	-0.21471
-0.0470487	0.0285422
-0.133157	0.178505
0.0713951	0.0364331
-0.125816	-0.155698
0.0121694	-0.330226
-0.031456	-0.0164083
0.082508	0.0216872
-0.09053	-0.136485
0.121799	-0.0540744
0.0189614	-0.0342363
-0.141221	-0.315441
0.0466057	-0.180092
0.18503	-0.3355
0.217047	-0.301359
0.446526	-0.340316
0.859888	-0.450249
1.20315	-0.682872
1.36184	-1.00794
1.40501	-1.32496
1.38156	-1.65196
1.18111	-1.33312
1.32293	-1.55552
1.35131	-1.51005
1.22212	-1.25345
1.49053	-1.47684
1.75437	-1.85693
1.9626	-1.98642
2.38165	-2.49985
1.87027	-1.66889
2.82031	-3.01602
3.51127	-4.51655
2.27994	-2.7213
1.9187	-2.28186
1.48187	-1.63456
0.704461	-0.675275
0.339255	-0.09581
0.381634	0.0542588
0.337741	0.149732
0.399199	0.0177971
0.377467	-0.0132848
0.352212	0.0066447
0.462204	-0.109295
0.585258	-0.167655
0.561944	-0.217871
0.572827	-0.239098
0.507183	-0.0774398
0.983607	-0.266359
0.648222	-0.432857
0.721211	-0.599872
0.855439	-0.716991
0.844011	-0.773391
0.885688	-0.804057
0.727672	-0.622421
0.996663	-0.407419
1.00031	-0.316991
0.932419	-0.294703
0.961287	-0.400163
1.13192	-0.646238
1.38029	-1.07894
1.72592	-1.6176
1.92747	-1.88918
2.52836	-2.57664
2.07666	-1.88034
2.19242	-1.96414
1.92729	-1.62768
1.99008	-1.72023
1.95778	-1.67863
1.85538	-1.54476
1.90382	-1.62121
1.9765	-1.62607
1.5843	-1.14611
1.67703	-1.37977
1.57315	-1.3136
1.53144	-1.19756
1.28552	-0.755832
1.63158	-1.24508
1.29183	-0.847688
1.82765	-1.30831
1.19164	-0.76298
0.997085	-0.529853
1.62313	-1.41722
1.15586	-0.822429
1.07681	-0.833086
0.982677	-0.788159
1.04304	-0.919853
0.896811	-0.874128
0.740612	-0.789402
0.632574	-0.760853
0.523303	-0.766077
0.580677	-0.818536
1.11871	-1.25244
1.59864	-1.8247
1.53739	-1.6071
1.36662	-1.49176
1.12132	-1.19537
1.24206	-1.11747
1.0128	-0.94171
1.36153	-1.33413
1.27661	-0.989542
1.16898	-0.941563
0.9309	-0.835365
1.02897	-0.644109
0.686691	-0.226973
0.762856	-0.292682
1.55578	-1.33123
1.55775	-1.30695
0.951328	-0.516183
0.553481	-0.110705
0.731038	-0.464555
0.569902	-0.354529
0.918577	-0.567662
0.620759	-0.36996
0.827679	-0.27335
1.14459	-1.04038
1.18105	-1.11908
1.226	-1.24138
1.27945	-1.25998
1.71199	-1.85996
1.7002	-1.74663
1.58429	-1.50083
1.10283	-0.975815
1.12875	-1.01335
0.692577	-0.546611
0.892903	-0.593289
1.13883	-0.977189
0.417936	-0.356766
-0.137129	-0.0448756
-0.133711	-0.239145
0.831807	-0.225126
1.0216	-0.191988
1.21114	-0.669243
0.938442	-0.214904
1.19953	-0.527009
1.32104	-0.642806
0.939854	-0.337436
0.797367	-0.257619
0.874547	-0.883637
0.510266	-0.898744
0.389521	-0.824685
0.255634	-0.853815
0.261825	-0.919361
0.174727	-0.763599
0.272713	-0.748839
0.323708	-0.602181
0.383571	-0.554317
0.627069	-0.746486
0.631281	-0.816946
0.71473	-0.988488
0.615556	-0.928822
0.398252	-0.804814
0.125533	-0.679495
-0.0900658	-0.590485
-0.140013	-0.606604
-0.122094	-0.276745
0.0341731	-0.256691
0.0279022	-0.307899
-0.0245327	-0.617813
0.232854	-0.630587
0.374538	-0.73427
0.457153	-0.710305
0.615619	-0.791548
0.681882	-0.810767
0.738457	-0.839221
0.686926	-0.763544
0.525697	-0.604958
0.632458	-0.696584
1.62989	-2.03703
1.82473	-2.28703
2.02603	-2.42649
2.24255	-2.66763
2.32147	-2.77017
2.27848	-2.66073
2.07953	-2.19771
1.50702	-1.41699
0.975018	-0.939071
1.76629	-1.17239
2.06107	-1.61269
1.94706	-1.40252
1.34272	-0.617348
1.21874	-0.453166
1.18273	-0.404908
0.776667	-0.0923717
0.652494	-0.26632
0.537895	-0.365115
0.690346	-0.561719
1.20414	-1.2462
1.93228	-2.26147
1.9976	-2.20396
0.785956	-0.844936
0.639807	-0.260249
0.692074	-0.252403
0.589568	-0.219103
0.524576	-0.0501109
0.854976	0.0624614
1.03142	0.0381412
0.988146	-0.0937968
1.10433	-0.0866518
1.02118	-0.874815
1.21395	-1.38167
0.907952	-1.1254
0.694273	-0.947229
0.653287	-0.966737
0.58386	-0.67935
0.210115	-0.105645
0.44374	-0.211473
0.629571	-0.18776
0.694439	-0.186756
0.691396	-0.0653553
0.610392	0.047683
0.536872	0.149825
0.460046	0.134477
0.275243	0.311681
0.240984	0.338536
0.323417	0.329779
0.485823	0.181771
0.805637	-0.233729
0.886863	-0.498479
1.09013	-0.649992
1.33535	-1.15058
1.18625	-0.956833
1.15677	-1.02057
0.973466	-0.789806
0.827171	-0.473548
0.614211	-0.463493
0.679472	-0.348084
1.44898	-1.12468
1.65505	-1.44418
1.44165	-1.22378
1.1467	-0.814667
0.926946	-0.563969
1.01736	-0.769856
0.894527	-0.545418
1.03873	-0.587009
1.35755	-0.945404
1.809	-1.62348
1.64662	-1.52727
1.26968	-1.10639
0.910594	-0.762415
0.661072	-0.499219
0.564847	-0.400129
0.593174	-0.471938
0.62996	-0.526386
0.574476	-0.443371
9.19537e-05	-0.162229
0.141031	0.0977393
0.33168	-0.00619573
0.28407	0.183053
0.390513	0.289634
0.617319	-0.150185
0.395904	-0.127406
0.645512	-0.130809
0.656842	0.0194293
0.687921	-0.2287
0.712443	-0.0826051
0.674903	-0.364184
0.397975	-0.298387
1.07752	-0.70276
0.612935	-0.279646
0.637641	-0.266644
0.51168	-0.10565
0.263266	-0.0455329
0.28977	-0.105499
0.258294	0.042244
0.19621	0.0674969
0.228801	0.0889399
0.417527	-0.759917
0.339705	-0.571881
0.647823	0.198784
0.501423	0.00328597
0.400138	0.109418
-0.0303318	0.164666
0.110701	0.30185
0.0211345	0.165421
0.222978	0.499364
0.317804	0.349057
0.270519	0.056753
0.30603	-0.184767
0.943367	-0.557265
1.33552	-0.911074
1.68191	-1.25501
1.98968	-1.59644
2.22301	-1.79607
1.95724	-1.31006
1.83023	-1.44207
1.87805	-1.40738
1.51778	-0.847589
1.07244	-0.48149
1.03919	-0.545132
0.8744	-0.461036
0.876606	-0.392026
0.736822	-0.308405
0.560417	-0.233181
0.412177	-0.209424
0.372745	-0.152083
0.367786	-0.174569
0.720534	-0.438876
0.787191	-0.520117
0.678115	-0.382127
0.625951	-0.202061
0.594136	-0.181244
0.815777	-0.396422
0.854622	-0.423632
0.861385	-0.46034
0.994058	-0.715982
1.07927	-0.884493
0.873516	-0.773093
0.7937	-0.846576
0.651275	-0.942497
0.813311	-1.03625
0.722105	-1.02902
0.65915	-0.984193
0.786006	-1.10831
0.755095	-1.15217
0.685114	-1.13804
0.695688	-1.12894
0.811392	-1.13624
1.29685	-1.33727
1.20924	-1.2301
0.866352	-0.133301
0.699757	-0.0585668
1.00733	-0.382738
0.97992	0.0462637
0.976284	0.00560001
1.14761	-0.32827
1.21028	-0.448599
1.05219	-0.343816
1.06187	-0.220136
1.13024	-0.340692
1.16297	-0.425212
1.18528	-0.504741
1.07684	-0.287852
0.932495	0.0613251
0.956432	-0.295692
0.968608	-0.183451
0.945904	-0.0808447
0.61115	0.322887
0.781607	0.20957
0.520893	0.41471
0.708468	0.0512383
1.07107	-0.247824
0.990431	-0.105502
0.896607	0.0347395
0.99314	-0.2885
0.831461	-0.20762
0.797317	-0.447301
0.915694	-0.157669
1.25969	-0.447815
1.02532	-0.363228
1.08395	-0.370218
0.753677	-0.40525
1.57806	-1.06951
1.79139	-1.27026
1.864	-1.40003
1.76015	-1.26428
1.38155	-0.81973
1.16598	-0.721626
0.744963	-0.329551
0.123098	-0.0292028
0.0957353	0.236473
0.126574	0.201432
0.299921	0.303295
0.217596	0.0748425
0.353826	-0.174838
0.251844	-0.032774
0.822785	-0.484497
0.898599	-0.321293
0.523174	0.0322296
0.639177	-0.18997
0.691403	-0.135868
1.20965	-0.807469
1.18849	-0.816922
1.0797	-0.646148
1.05808	-0.561833
0.763253	-0.202429
0.662991	-0.0986426
0.57536	-0.0974412
0.43349	-0.257006
0.228888	-0.431693
0.14209	-0.57706
0.349714	-0.653506
1.01806	-1.07988
1.06515	-1.1753
0.748064	-0.865766
0.941611	-1.1612
1.07787	-1.26917
1.05354	-1.18631
1.18741	-1.38423
0.843395	-0.68683
0.677261	-0.475663
0.607493	-0.296374
0.653399	-0.264897
0.613154	-0.260732
0.663145	-0.307247
0.614672	-0.217767
0.662905	-0.489851
0.637267	-0.27437
0.565731	-0.260726
0.708567	-0.285762
0.729965	-0.216774
0.735536	-0.180972
0.965069	-0.338243
1.06097	-0.539796
1.42107	-1.49404
0.997035	-1.19179
0.674022	-1.03102
0.400635	-0.880464
0.505218	-0.996064
0.793479	-1.23966
0.477689	-0.57309
0.784956	-0.815761
0.565291	-0.536406
0.66991	-0.476514
0.831185	-0.424898
0.830838	-0.335845
0.85171	-0.182977
0.929792	-0.23615
0.89694	-0.208482
0.750014	-0.119069
0.69234	-0.180516
0.654895	-0.27393
0.692867	-0.478551
0.770676	-0.796951
0.740253	-0.929497
0.976729	-0.903325
1.11359	-1.14006
0.767337	-0.669526
1.0728	-1.07289
0.980936	-1.03496
0.645665	-1.00059
0.33631	-0.772192
0.456699	-0.784445
0.458418	-0.635639
0.585068	-0.574138
0.621129	-0.454885
0.662276	-0.492999
0.719974	-0.51406
0.877903	-0.638918
1.05368	-0.766711
1.06913	-0.655565
0.745533	-0.680978
-0.00147195	-0.409167
0.184161	-0.148946
0.479743	0.128743
0.648911	0.51385
0.437951	0.292819
0.292671	0.272757
0.438047	0.457756
0.419388	0.162435
0.543928	0.183487
0.55466	0.0948713
0.597919	-0.21613
0.361365	-0.108514
0.37243	-0.0174679
0.335749	-0.17333
0.90389	-0.735789
0.498974	-0.465411
0.376174	-0.359934
0.00902326	-0.0750249
-0.167667	0.0916275
-0.301687	0.155945
0.832365	-0.585371
0.546101	-0.288939
0.503309	-0.180195
0.606223	-0.339933
0.345577	-0.046392
0.391754	0.0106068
0.42719	-0.114799
0.427376	-0.103445
0.620848	-0.334943
0.670019	-0.419176
0.789705	-0.736494
1.43006	-1.47046
1.65243	-1.69898
1.85078	-1.871
2.41	-2.59308
2.32353	-2.38237
1.65225	-1.61641
1.34165	-1.33532
1.26797	-1.02421
1.34388	-1.16671
1.75427	-1.69856
1.78329	-1.87395
1.45344	-1.53263
1.10757	-1.13283
0.961335	-0.972848
0.766902	-0.770286
0.593336	-0.6553
0.589177	-0.740615
0.796665	-0.653824
0.925618	-0.776283
1.10696	-1.04903
1.28071	-1.17465
1.21444	-0.910916
1.29519	-0.975174
1.39244	-1.06411
1.42335	-1.07807
1.31054	-0.85592
1.07137	-0.485232
1.08961	-0.615629
1.00148	-0.397296
1.1536	-0.687589
1.16389	-0.435021
1.5904	-0.833392
1.68329	-1.15111
2.18732	-1.69923
1.86535	-1.3765
1.32594	-0.82156
1.20403	-0.773077
1.09007	-0.698911
1.11682	-0.74179
0.998078	-0.631941
0.997067	-0.710733
1.2554	-1.15285
1.74706	-1.85523
2.05021	-2.22157
2.04433	-2.26238
1.21621	-1.01274
0.771109	-0.559299
0.904382	-0.512592
0.625828	-0.242495
0.7194	-0.563702
0.668174	-0.512769
0.902047	-0.43764
0.942602	-0.652662
1.21722	-0.811627
1.18958	-0.844884
0.994015	-0.545496
1.0096	-0.415745
1.0723	-0.442008
0.984777	-0.472211
1.12701	-0.568615
1.09051	-0.516429
0.99558	-0.0809586
0.574863	-0.124716
0.889671	-0.0907202
0.966552	-0.116562
1.01812	-0.161438
1.01999	-0.193807
0.897705	-0.0873357
0.963761	0.0169166
0.958789	-0.276844
0.426553	0.0361148
0.615982	-0.233559
1.41829	-0.948303
1.15533	-0.693189
1.08244	-0.579599
0.940901	-0.48562
0.836851	-0.434948
0.815007	-0.47404
0.630692	-0.339794
0.54526	-0.457971
1.35127	-1.20235
1.17266	-1.14907
0.572581	-0.394782
0.645668	-0.30405
0.774887	-0.378434
0.850123	-0.474189
0.914194	-0.57964
0.907821	-0.570764
0.911058	-0.598314
0.78307	-0.516887
0.909481	-0.672878
1.08911	-0.901738
1.0636	-0.962516
0.965994	-0.956918
0.796488	-0.932528
0.561504	-0.802338
0.410222	-0.817609
0.222863	-0.757414
0.219865	-0.806969
0.235625	-0.753629
0.298877	-0.704771
0.436096	-0.71227
0.568606	-0.718935
0.631194	-0.563301
0.820333	-0.552621
0.98814	-0.578594
1.06588	-0.597089
1.24808	-0.821
1.74664	-1.44116
2.50854	-2.50459
1.87163	-1.3859
1.44036	-0.167333
1.2075	-0.726571
0.945164	-0.521817
1.00713	-0.528312
1.14332	-0.754016
1.19087	-0.86888
0.782801	-0.222722
0.984117	-0.0079569
0.975894	-0.0516854
0.923443	0.00929796
0.900471	-0.400405
0.91677	-0.442691
0.905338	-0.263916
1.48855	-0.447365
0.801466	0.187412
1.11438	-0.194699
1.50485	-0.822533
1.30569	-0.598809
1.4906	-0.882229
2.01249	-1.80735
2.50826	-2.62235
1.90248	-1.90119
1.96538	-2.03977
2.10897	-2.39307
2.13541	-2.448
1.39704	-1.3685
0.860987	-0.885818
0.720701	-0.128917
0.885604	0.392699
0.621734	0.356712
0.64791	0.313603
0.730238	0.523551
0.728602	0.586695
0.720529	0.341845
0.886262	0.52861
0.780675	0.334062
0.315903	-0.474742
0.529527	-0.81095
0.493204	-0.800225
0.410765	-0.726061
0.40163	-0.721451
0.401194	-0.73593
0.373845	-0.723802
0.315019	-0.672601
0.311044	-0.702674
0.350938	-0.760881
0.330868	-0.778103
0.36689	-0.747372
0.495668	-0.828293
0.557148	-0.69104
0.694205	-0.63641
0.741859	-0.575114
1.02065	-0.874776
1.22458	-1.10485
0.781064	-0.760075
0.959865	-0.933558
0.889594	-0.906731
0.638827	-0.523199
0.837111	-0.531895
1.53978	-1.1144
0.458374	-0.0897612
0.543661	-0.359904
0.849494	-0.790886
1.43422	-1.44558
0.634858	-0.756946
0.660112	-0.279774
0.996404	0.293981
0.928233	0.343179
0.881473	0.431395
0.706292	0.219891
0.549399	0.542622
0.502711	0.244098
0.519071	0.219847
0.672497	0.421503
0.789452	0.043968
0.374738	-0.714194
0.461502	-0.795469
0.50451	-0.832738
0.588282	-0.894685
0.701419	-0.974608
0.860405	-0.992919
1.13722	-1.04037
0.762676	-0.809527
0.762135	-0.91749
0.718974	-0.584554
0.717535	-0.538263
0.946062	-0.625923
0.982997	-0.550028
1.3091	-0.956996
1.56961	-0.997429
1.85848	-1.84808
1.84969	-1.83632
1.67967	-1.84829
1.52648	-1.724
1.6547	-1.67019
1.64632	-1.98377
1.40479	-1.37854
1.29697	-1.00549
1.35682	-0.890544
1.60038	-1.17263
1.59739	-1.32921
1.35624	-0.952999
1.53853	-1.11284
1.62221	-1.12674
1.32959	-1.11001
1.53332	-1.31139
0.867376	-0.074991
0.872469	0.00877261
1.00082	-0.166281
0.744343	0.139219
0.800983	0.132661
1.0047	-0.0947623
0.821824	0.225192
0.722643	-0.0343332
0.964618	-0.297827
1.35356	-0.574796
1.3717	-0.456737
1.10246	-0.278318
0.971772	-0.386268
1.14844	-0.678803
0.913416	-0.652674
1.29506	-1.21636
1.75254	-1.94342
1.34784	-1.49725
1.20451	-1.34736
1.50307	-1.66989
1.50544	-1.66118
1.47465	-1.50896
1.78427	-1.76501
1.3623	-1.30539
1.368	-1.31163
0.991073	-0.86141
0.746834	-0.51694
0.836826	-0.516082
0.646325	-0.256491
0.807738	-0.422467
0.749499	-0.449666
1.2958	-0.7343
0.706908	-0.173561
0.646537	-0.0735557
0.72881	-0.0718221
0.858442	-0.151739
0.809789	-0.0817475
0.855972	-0.108975
0.91728	-0.268501
1.28093	-0.856631
1.24271	-1.02044
0.872309	-0.667
0.977717	-0.855325
1.60081	-1.44604
1.33178	-1.12095
1.7004	-1.5388
2.09027	-1.86258
1.45724	-1.07229
1.74601	-1.4699
1.65526	-1.38864
1.80501	-1.66462
2.10081	-2.05653
1.59053	-1.49794
1.59424	-1.50002
1.79387	-1.8458
1.67177	-1.70522
1.65322	-1.55502
1.54964	-1.42294
1.62121	-1.41253
1.19733	-0.592867
0.985197	-0.537416
0.990955	-0.581129
0.973129	-0.577717
0.932253	-0.564976
1.03876	-0.747067
1.17401	-1.03431
1.28829	-1.28465
1.52143	-1.56995
0.659711	-0.761218
0.376853	-0.59615
0.323214	-0.764974
0.17742	-0.858742
0.172431	-0.873465
0.226874	-0.951445
0.225714	-0.960351
0.267205	-1.01967
0.338887	-0.98554
0.482606	-1.03999
0.554867	-0.989092
0.639375	-0.782225
0.792011	-0.728372
0.928895	-0.585746
1.10345	-0.469071
0.87671	-0.0796493
0.935611	-0.402124
0.814759	-0.707812
1.26294	-1.31877
1.40414	-1.54388
1.83044	-2.08644
2.52696	-2.96499
1.71946	-1.57062
1.04416	-0.909466
0.579899	-0.496308
0.579162	-0.247873
0.797952	-0.477687
0.987731	-0.561037
0.623574	-0.255722
0.741718	-0.0998583
0.717495	-0.457255
0.818798	-0.465868
0.816312	-0.435026
1.457	-1.10312
0.90724	-0.753473
1.13994	-1.0512
1.38722	-1.22081
2.29373	-2.31129
1.96936	-1.97168
1.65497	-1.63041
1.71166	-1.76566
1.79614	-2.03554
1.66067	-1.85055
1.50072	-1.64985
1.6788	-1.74898
1.20995	-1.10202
0.870255	-0.340211
-0.00870336	-0.457658
0.0313721	-0.308129
-0.255438	0.0950678
0.158041	0.0984754
0.139287	0.018437
0.371548	-0.0919857
0.355573	-0.0985183
0.386426	-0.121914
0.40134	-0.114696
0.38798	-0.111548
0.439447	-0.246481
0.602507	-0.607548
1.12244	-1.22558
1.38086	-1.47269
1.95371	-2.02493
2.58232	-2.71461
2.20251	-2.02762
1.81865	-1.82996
1.70897	-1.632
1.26766	-0.917855
1.01924	-0.81965
0.946337	-0.611119
1.22359	-0.822862
0.778051	-0.200567
0.663031	-0.120958
0.690667	-0.123071
0.718137	-0.0469787
0.689499	-0.0812855
0.664393	-0.0830429
0.763918	-0.215168
1.00442	-0.349296
1.13828	-0.54208
1.08663	-0.392078
0.989856	-0.192509
1.62422	-1.14173
1.89941	-1.97646
0.941074	-0.722565
1.04458	-0.906127
1.4929	-1.60528
2.29956	-2.53831
1.64166	-1.48571
1.26399	-0.88261
1.25745	-1.00785
1.12594	-0.765641
0.986615	-0.481994
1.13092	-0.616425
1.02606	-0.233279
0.82713	0.128204
0.728728	0.139229
1.04473	-0.376402
1.06762	-0.228473
1.18785	-0.532379
0.832257	-0.0847759
0.996142	-0.256092
0.961247	-0.323624
0.77166	-0.631246
-0.105993	-0.542321
0.0679684	-0.780018
0.0985846	-0.963773
0.178926	-0.965566
0.195137	-0.92967
0.253927	-0.879063
0.384316	-0.830442
0.459741	-0.708756
0.530584	-0.627921
0.564274	-0.590572
0.498333	-0.460181
0.501521	-0.491998
0.393076	-0.528612
0.4519	-0.740126
0.450312	-0.85739
-0.105043	-0.520187
-0.198127	-0.594995
-0.268075	-0.659085
-0.321653	-0.542522
-0.204293	-0.505044
-0.117855	-0.527593
-0.0983766	-0.351803
0.391164	-0.822812
0.363358	-0.728823
0.458168	-0.723576
0.521884	-0.739584
0.530263	-0.681076
0.654841	-0.794198
0.548325	-0.632845
0.426488	-0.478866
0.307195	-0.374794
1.72108	-2.02316
2.03236	-2.59802
2.22545	-2.83977
1.97838	-2.45393
1.89011	-2.29824
2.20184	-2.63735
1.93831	-2.0471
1.75571	-1.66232
1.88702	-1.82807
0.332276	-0.386008
0.767133	-0.820342
1.8691	-1.27599
1.60167	-0.757683
1.27096	-0.569321
1.8772	-1.15015
1.62111	-0.843485
1.53481	-0.620192
1.48123	-0.469043
1.66776	-0.662889
1.49747	-0.394717
1.13402	0.0136724
0.970106	0.11068
1.21274	-0.160214
1.11608	-0.168774
1.084	-0.211932
1.28939	-0.686718
0.584661	-0.366889
0.620807	-0.088471
0.850905	-0.10036
0.711563	0.0617568
0.761538	-0.258379
0.837152	-0.181686
0.836551	-0.027901
0.762188	-0.0373556
0.644591	0.108593
0.466543	-0.129988
1.3012	-0.69051
0.893715	-0.307122
0.758438	-0.216704
0.726176	-0.136159
0.687418	-0.0918802
0.646762	-0.124938
0.622645	-0.102178
0.595731	-0.110508
0.591375	-0.141882
0.602922	-0.0334673
0.811338	-0.178289
0.959804	-0.379096
1.0509	-0.691282
1.23975	-0.939308
1.34812	-0.988292
1.2403	-0.871267
1.08865	-0.53337
0.62857	-0.109146
0.3494	0.0682233
0.338812	-0.0339539
0.535261	-0.332694
0.696439	-0.750982
1.07512	-1.24351
1.50369	-1.63659
1.79789	-1.94007
2.40525	-2.65581
2.73991	-2.8414
3.55186	-4.0245
2.91218	-3.08147
1.04868	-1.06989
1.17167	-0.947751
0.720751	-0.551889
0.609841	-0.500156
0.570397	-0.55193
0.387248	-0.430085
0.41451	-0.455832
0.433109	-0.474042
0.392035	-0.270018
0.0785875	0.139816
-0.206743	0.247877
0.574073	-0.14701
0.922691	-0.374725
0.753831	-0.381249
-0.146597	-0.0421164
0.364259	-0.0900665
0.490646	-0.0730504
0.717942	-0.0868089
0.887187	-0.113101
0.960773	-0.279358
1.47701	-0.817453
1.6362	-1.34689
1.60093	-1.25342
1.50031	-1.33149
1.41249	-1.22728
1.24565	-0.936058
1.72357	-1.40712
1.74774	-1.63379
2.23578	-2.15661
2.29097	-1.99984
2.09691	-1.78401
3.27604	-3.40615
2.97052	-3.30391
2.46354	-2.6182
2.13039	-2.07949
1.60707	-1.43809
1.20048	-0.803992
1.20648	-0.585881
1.11025	-0.357715
0.990863	-0.243266
1.04066	-0.324922
0.929097	-0.119584
0.808205	-0.0189115
0.916464	-0.261037
0.959618	-0.280168
1.01078	-0.283407
1.32815	-0.608363
1.5134	-0.774071
1.23378	-0.609671
1.53481	-1.12959
1.11604	-0.696618
1.50359	-1.10019
1.41459	-0.833282
0.964746	-0.697599
1.20293	-1.0995
1.34191	-1.23566
1.33329	-1.29191
1.13728	-0.744525
1.41935	-1.10726
1.03687	-0.876697
0.828158	-0.535697
1.01433	-0.653421
0.801344	-0.478529
0.896092	-0.342101
0.802329	-0.422332
0.658655	-0.348999
0.878859	-0.485231
0.972618	-0.489421
0.845641	-0.372724
1.26422	-0.61694
1.15349	-0.548558
0.975646	-0.0277006
1.10517	-0.200529
0.97581	-0.132401
0.809432	0.0435409
0.972399	-0.127924
0.912705	-0.13201
1.02761	-0.137273
1.09646	-0.229817
1.03444	-0.568922
1.58267	-1.19937
1.5214	-1.09468
1.61733	-0.982689
2.04753	-1.63709
1.24704	-0.839494
1.20638	-0.940931
1.44005	-1.25601
1.92263	-1.706
2.45736	-2.47364
2.7632	-3.21246
2.23684	-2.37488
2.15709	-2.22402
1.21145	-0.672235
0.942901	-0.139595
0.908467	-0.0441212
0.852487	0.00517951
0.742764	0.0280663
0.65829	0.0336048
0.602736	0.0205782
0.597618	0.0124634
0.745733	-0.201263
1.25498	-0.68458
0.192545	-0.221738
0.0813051	-0.32546
0.21893	-0.450555
0.128331	-0.264162
0.348817	-0.0854476
0.263027	-0.350986
0.385199	-0.451949
0.647901	-0.782924
0.954606	-0.889653
0.742719	-0.649475
0.695059	-0.596149
0.800082	-0.769008
0.752894	-0.770472
0.746957	-0.81237
0.308655	-0.39559
0.298055	-0.0992431
0.299582	0.0335342
0.283652	0.0194289
0.299635	-0.0479819
0.430961	-0.163683
0.57751	-0.340809
0.63991	-0.392887
0.618695	-0.432094
0.498758	-0.337541
0.555303	-0.436334
0.499799	-0.430435
0.529645	-0.432779
0.444947	-0.242369
0.462793	-0.245219
0.440624	-0.200834
0.467078	-0.210094
0.525423	-0.359379
0.614804	-0.525184
0.652098	-0.57845
0.705701	-0.65551
0.977178	-0.874915
1.17241	-0.918973
1.05985	-0.504839
1.1517	-0.288064
1.09821	-0.568165
1.47884	-0.893507
1.55801	-0.690759
1.11791	-0.158253
1.30113	-0.42407
1.34011	-0.479578
1.3976	-0.58817
1.36877	-0.569855
1.16979	-0.525798
1.06841	-0.370122
1.17644	-0.413589
1.10752	-0.347723
1.33798	-0.599246
1.50939	-1.02425
1.49251	-0.989544
1.48549	-1.07725
1.59059	-1.24497
1.66866	-1.2138
1.38017	-0.876187
1.40151	-0.869214
1.20825	-0.727807
1.02608	-0.602721
0.888197	-0.616778
0.948751	-0.565686
0.983354	-0.655343
1.07063	-0.674889
1.14388	-0.745367
1.18149	-0.710829
1.05463	-0.614096
1.039	-0.68092
1.01875	-0.836837
1.40457	-1.47136
1.03678	-0.915796
1.15937	-1.2905
1.05208	-1.2667
0.88205	-1.13486
0.741604	-1.05946
0.818124	-1.18292
0.593902	-1.08127
0.775886	-1.12225
0.254699	-0.6331
0.406251	-0.760512
0.242553	-0.429458
0.201283	-0.334275
0.481735	-0.225241
0.568849	-0.324334
0.530588	-0.480325
0.75861	-0.643379
1.35756	-1.08063
1.22496	-0.762724
1.00945	-0.50168
0.857855	-0.245444
1.44358	-1.09536
2.12778	-2.32982
1.86325	-2.06446
1.86711	-2.05225
1.69134	-1.69651
1.83691	-1.84686
1.84584	-1.66088
1.69015	-1.43998
0.95152	-1.01223
0.630185	-0.978705
0.466424	-0.913106
0.407817	-0.815626
0.500222	-0.793379
0.585628	-0.73504
0.66064	-0.666022
0.80791	-0.752914
0.882399	-0.736031
0.703774	-0.505253
0.605015	-0.398833
0.723031	-0.422289
0.791291	-0.483056
0.837543	-0.535382
0.798086	-0.519019
0.870773	-0.573666
1.03694	-0.731795
1.11698	-0.798144
1.40531	-1.03013
1.35094	-1.06547
1.15278	-0.770974
1.19359	-0.883507
0.904834	-0.740082
0.841063	-0.87198
1.87917	-1.61846
2.0988	-1.53695
2.21735	-1.62929
2.26261	-2.22174
2.82205	-3.20956
0.573348	-0.382739
-0.00775826	0.0472114
-0.178569	0.0427764
-0.127452	-0.0391277
0.887168	-0.669221
0.890632	-0.83853
0.681981	-0.641269
0.604712	-0.604346
0.341722	-0.0316689
0.188587	-0.135433
0.0593667	0.2844
0.16062	0.104362
0.228767	-0.0158763
0.131338	0.0893953
0.449006	-0.154691
0.700292	-0.434462
0.712721	-0.707281
-0.0199872	-0.388924
0.00734707	-0.382264
-0.0126001	-0.433108
-0.0261283	-0.28626
0.0323805	-0.47105
0.651547	-0.814533
0.834076	-0.944716
0.629377	-0.686184
0.476106	-0.471884
0.574243	-0.458913
0.533094	-0.332028
0.451991	-0.349781
0.550226	-0.553071
0.416613	-0.571084
0.318771	-0.565675
0.326744	-0.658049
0.380031	-0.765272
0.562636	-0.945595
0.385175	-0.774189
0.159797	-0.622525
0.166331	-0.278572
0.317522	-0.335217
-0.0116379	-0.257026
0.0565672	-0.29615
0.209311	-0.496197
0.264855	-0.684803
0.729915	-0.643574
1.22852	-1.01596
1.30631	-1.09412
1.56623	-1.42043
1.21799	-1.14977
1.44295	-1.14575
1.45233	-0.969999
1.20777	-0.74555
1.20913	-0.742308
1.20461	-0.736427
1.14829	-0.538019
1.78015	-1.07764
2.01414	-1.58033
1.41963	-1.12078
1.11921	-0.68896
0.988163	0.105351
0.951541	0.107429
0.915964	0.0488989
0.838691	-0.059977
0.710552	-0.00645376
0.729103	0.090493
0.689757	0.153946
0.736597	0.192536
0.692526	0.254407
0.528908	0.255239
1.23412	-0.947617
1.73065	-1.76747
2.02322	-2.2588
2.14006	-2.31991
2.09319	-2.13199
2.31	-2.37017
2.06613	-2.03008
1.57257	-1.4343
0.868868	-0.55996
1.27049	-0.976329
1.59048	-0.596193
1.26006	-0.36505
1.61923	-1.30912
2.33501	-2.31377
1.64795	-1.30059
1.1258	-0.70431
1.11121	-0.63367
1.05372	-0.680194
1.10366	-0.843573
0.965359	-0.641776
0.923026	-0.725352
0.963373	-0.703026
0.869789	-0.631042
0.780856	-0.547794
0.538661	-0.284467
0.319946	-0.0264883
0.248218	-0.14013
0.132472	-0.0717928
0.210826	-0.15836
0.438594	-0.421243
0.536272	-0.685687
0.726514	-0.865647
0.924127	-0.906278
0.988986	-0.954517
1.32185	-1.43539
1.49889	-1.62015
0.98639	-1.02967
0.742477	-0.862804
0.520854	-0.568634
0.565073	-0.0188848
0.501217	0.347598
0.591974	0.485504
0.597964	0.537279
0.790334	0.359718
0.657839	0.403786
0.238707	0.151571
0.515068	0.504979
0.962967	0.796514
0.76519	0.536568
0.608527	0.58248
-0.0867535	0.190558
0.352387	-0.141496
0.457505	0.0334292
0.581303	0.39246
0.583045	0.231662
0.439683	0.125375
0.666969	0.136517
0.837841	-0.0804467
0.835986	-0.155056
0.821065	-0.0112881
0.94793	-0.223051
0.768736	0.0648391
0.672727	0.037142
0.74736	0.0437387
0.851859	-0.180217
0.943809	-0.224245
0.968042	-0.090723
0.751767	-0.0512453
0.874843	-0.122936
0.834099	-0.0670217
0.771492	-0.13491
0.973911	-0.268904
0.794488	-0.0832443
0.833501	-0.160266
0.973116	-0.326961
0.819804	-0.0569673
1.01682	-0.159837
1.04535	-0.147752
0.868462	-0.122287
0.537934	-0.553234
1.66472	-1.4424
1.26913	-0.909965
1.18744	-0.962751
1.26488	-0.905802
0.889261	-0.401793
0.773609	-0.237681
0.962601	-0.300064
1.34124	-0.59165
1.44736	-0.421157
1.72315	-0.877754
1.18974	-0.250518
0.691426	0.00954572
0.531294	-0.148341
1.02026	-0.481687
0.950135	-0.453552
0.998103	-0.584391
1.08814	-0.77911
1.19322	-0.888768
1.37233	-1.16104
1.30639	-1.04074
1.15758	-0.876289
0.808251	-0.443727
0.891844	-0.369009
0.885001	-0.287074
0.832303	-0.284846
0.95263	-0.434399
0.996787	-0.26216
1.05631	-0.372808
1.11394	-0.517959
1.04296	-0.519286
1.10077	-0.474143
1.09599	-0.481001
0.826392	-0.221892
0.986013	-0.387419
1.08547	-0.0198407
0.926778	-0.117803
1.01869	-0.231655
1.00969	-0.316852
0.996835	-0.0577215
1.00456	-0.184592
1.12452	-0.739148
1.24578	-1.00177
1.08645	-0.825293
1.41321	-1.28431
1.40347	-1.29448
1.38156	-1.25198
1.24036	-1.02269
1.49627	-1.28121
1.50555	-1.31369
1.40574	-1.14005
1.48696	-1.21006
1.69654	-1.32974
1.48483	-1.22794
1.4423	-1.05125
1.30701	-0.839523
1.27807	-0.749736
0.924472	-0.389834
0.68649	-0.213532
0.670746	-0.271251
0.850058	-0.523571
1.16264	-0.882027
1.30864	-1.32016
1.28593	-1.30068
1.39523	-1.45332
2.00336	-1.93404
2.14945	-2.35734
2.26975	-2.53287
2.07331	-2.08448
1.18244	-1.24668
1.13468	-0.808939
1.28919	-1.10065
1.69916	-1.50506
1.98303	-2.05095
2.4927	-2.90646
2.37118	-2.81063
1.89776	-2.14419
1.82982	-2.0146
1.61105	-1.75501
1.04548	-0.848261
0.840118	-0.353703
1.16198	-0.753459
1.25688	-0.918848
1.11874	-0.908175
0.971394	-0.916124
0.840262	-0.879058
0.618702	-0.749081
0.603311	-0.814175
0.478905	-0.779601
0.739684	-1.09604
1.03891	-1.30569
0.99103	-0.86735
0.930304	-0.433236
0.719944	-0.254754
0.972869	-0.264066
0.833506	-0.391712
0.943801	-0.642318
0.828757	-0.30285
0.957262	-0.521283
0.541169	0.0143737
0.236385	0.285303
0.215266	0.222717
0.642728	0.3607
0.0176342	-0.0479168
0.167375	0.160882
0.462293	0.190043
0.333398	0.169615
0.445094	0.20706
0.589817	0.14998
0.734038	0.320883
0.716918	0.322677
0.720748	0.43721
0.589518	0.35125
0.578061	0.434688
0.402956	0.154709
0.303764	0.04035
0.37088	0.159085
0.572082	0.419944
0.278548	0.272462
0.360732	-0.0755171
0.470476	-0.14956
0.441197	-0.0189359
0.564771	-0.179675
0.508638	-0.0101009
0.697821	0.159214
0.844066	-0.266012
0.706392	-0.0529557
0.757585	-0.0206181
0.713906	0.0773195
1.02354	-0.0215684
0.90853	-0.0314941
0.892764	-0.0283
0.889156	0.113716
0.98254	-0.0558954
0.914683	-0.015316
1.01609	-0.153146
0.876951	-0.0322712
0.825391	0.0754984
1.00568	-0.387448
0.895242	-0.124727
0.915545	-0.0647511
1.02179	-0.243978
0.801372	-0.108933
1.11949	-0.436603
0.799701	-0.203061
0.951695	-1.17753
0.519097	-0.989815
0.537841	-1.00554
0.726937	-1.02792
0.462592	-0.679322
0.685758	-0.908072
0.886637	-1.01939
1.1347	-1.19748
1.21939	-1.12168
1.3	-0.9982
0.993063	-0.516936
0.998275	-0.780246
1.05529	-0.668896
1.56806	-1.29272
1.40135	-1.1622
1.46747	-1.37775
1.1657	-0.893581
0.872164	-0.879076
1.08962	-0.97674
1.2613	-1.21566
1.09097	-1.12232
0.972995	-0.855152
0.988185	-0.672497
0.959874	-0.283459
0.920663	-0.16375
0.783199	-0.00928583
0.855734	-0.172987
0.760978	-0.11601
0.624215	0.0586971
0.798947	-0.00726169
0.950731	-0.459354
1.37077	-1.40093
1.49299	-1.62371
1.35065	-1.50737
1.62908	-1.867
1.76614	-2.10668
1.93232	-2.29186
1.96819	-2.19337
0.802182	-0.320825
0.653804	-0.241613
0.757378	-0.440961
0.892029	-0.581252
0.789973	-0.46046
0.606147	-0.295445
0.524419	-0.297966
0.766216	-0.547907
0.225732	-0.194678
-0.206138	-0.0967568
-0.209963	-0.18542
-0.136786	-0.262606
-0.0388532	-0.165255
1.12052	-1.0025
1.90827	-1.78341
1.79707	-1.86392
1.68004	-1.68833
1.77629	-1.81817
1.47461	-1.5346
1.02655	-1.15747
0.582142	-0.668837
0.392148	-0.445221
0.374313	-0.460664
0.394244	-0.434978
0.085884	-0.248084
0.232223	-0.460699
-0.0289869	-0.259622
0.000824215	-0.388648
0.0769559	-0.409436
0.190517	-0.456439
0.609587	-0.993489
1.51385	-1.57653
1.82229	-1.79632
1.54048	-1.42161
1.19243	-0.954028
1.00228	-0.686741
0.969179	-0.621474
1.03709	-0.73974
1.13827	-0.901183
1.23516	-1.05638
1.35404	-1.23785
1.56007	-1.55402
1.95099	-2.17502
2.05146	-2.41334
0.794383	-0.835263
0.564929	-0.446238
1.36862	-1.02675
1.42513	-1.10276
1.32071	-1.00102
1.82301	-1.26022
1.65314	-1.06772
1.56783	-1.26102
1.4333	-1.16747
1.46033	-1.19854
1.48552	-1.21165
1.43497	-1.15847
1.23062	-0.837028
1.13451	-0.630927
1.52369	-1.01742
1.5018	-1.07607
2.09007	-1.69528
1.87632	-1.20162
2.22931	-1.98215
2.02329	-1.66417
1.61258	-1.17196
1.4446	-0.952201
1.14208	-0.653077
1.05748	-0.701219
1.17122	-0.978601
1.29695	-1.05888
1.2964	-0.939075
1.35651	-0.887848
1.30201	-0.628878
0.871332	-0.265982
0.657903	-0.144766
0.647763	-0.0273352
0.58589	0.125953
0.521385	0.198922
0.488653	0.276353
0.59786	0.230984
0.38498	0.448293
0.204079	0.684197
0.222662	0.795351
0.233259	0.695647
-0.00964682	1.03833
0.0310451	1.13584
0.0259749	0.724242
0.326058	0.546617
0.452403	0.311088
0.493459	-0.359752
1.20045	-1.00929
0.908596	-0.695576
0.899466	-0.446869
1.09973	-0.402068
0.902831	-0.459149
0.84141	-0.173291
0.621606	-0.00183733
0.549858	-0.205218
2.38408	-2.04228
2.04295	-1.58004
1.50234	-0.798437
1.4347	-0.638447
1.45022	-0.568062
1.12188	-0.114856
0.982206	-0.0120518
1.34296	-0.438543
0.975486	-0.0704074
0.535394	0.0718664
0.0164861	0.635398
0.645701	-0.0714249
0.687726	-0.108356
0.629187	-0.235696
0.63832	0.0153057
0.825173	-0.264285
0.827123	-0.342986
0.84025	-0.345984
1.16771	-0.938682
1.02141	-0.563889
0.786933	-0.278639
0.77181	-0.0587552
0.880702	-0.51057
0.976454	-0.333215
1.0291	-0.33352
0.978237	-0.393551
1.00004	-0.137869
0.773091	-0.155667
0.900589	-0.201526
0.692177	0.132287
0.587837	0.37342
0.757755	0.269032
0.755611	-0.0391607
0.906031	0.0442323
0.983837	-0.437731
1.84848	-0.878495
1.62775	-0.592363
1.25674	0.126786
1.19525	0.0499787
1.34312	-0.460966
1.22229	-0.566501
0.87081	-0.31636
0.754687	-0.194738
0.942436	-0.564694
1.04389	-0.839974
1.32605	-1.48158
1.12056	-1.36416
0.616632	-0.547111
0.875305	-0.15301
0.907749	-0.332913
0.819503	-0.298421
0.897294	-0.0451174
0.801501	-0.0908883
0.82673	-0.00740546
1.09645	-0.355576
0.752349	-0.501798
2.19912	-2.10942
2.39563	-2.43593
2.90747	-3.00458
2.71323	-2.63725
2.75483	-3.11995
1.7344	-1.8398
1.31349	-1.17805
1.11292	-0.840491
1.09845	-0.814676
1.09267	-0.835302
1.0989	-0.881961
1.13037	-0.965737
1.40833	-1.26939
2.25832	-2.29224
1.69636	-1.34042
0.520681	-0.3298
0.210696	0.105152
0.455712	0.338027
0.759642	0.47182
0.542823	0.56218
0.532215	0.501544
0.666513	0.448157
0.814716	0.223303
0.574691	0.353412
0.57174	-0.100125
0.962067	-0.489553
0.743195	-0.228091
1.05241	-0.956796
1.31858	-1.0662
1.34957	-0.845216
1.43301	-0.957586
1.1826	-0.915582
0.713528	-0.234859
0.604275	-0.0217309
0.594408	-0.0325939
0.789306	-0.298118
0.393905	0.0141991
0.182819	0.16974
0.500985	-0.293382
1.33	-1.15441
1.72682	-1.88489
1.83185	-2.0401
1.37125	-1.52622
0.608672	-0.538276
0.586237	-0.128211
0.738041	-0.0275416
0.764005	-0.0119839
1.01587	-0.374721
0.974435	-0.224254
0.72849	-0.186674
1.05727	-0.475766
1.12524	-0.396709
1.00044	0.00353325
0.728953	-0.296493
1.04301	-0.774664
2.74858	-2.88765
2.99897	-3.35423
3.26379	-3.51972
2.303	-1.90811
1.99148	-2.02115
0.991507	-0.730744
0.978622	-0.734542
0.764666	-0.512677
0.678796	-0.461257
0.651227	-0.436374
0.663263	-0.443898
0.648054	-0.391309
0.568906	-0.338185
0.591035	-0.371548
0.55473	-0.399641
0.331342	-0.275656
0.186144	-0.179733
0.126492	-0.04517
0.249051	-0.116653
0.536481	-0.292408
0.81174	-0.358853
1.19149	-0.681935
1.48625	-1.03877
1.51761	-1.05567
1.31508	-0.700552
1.53626	-0.838943
1.66888	-0.818763
1.63309	-0.649336
2.05372	-1.38743
1.83546	-1.26961
1.31572	-0.688122
1.10836	-0.475796
0.668905	-0.0818051
0.553579	0.0495607
0.546966	0.065327
0.666319	-0.124646
0.566299	-0.0431052
0.405163	-0.11101
0.513975	-0.350557
0.660002	-0.489266
0.678874	-0.596436
0.94869	-0.920304
1.65972	-1.61807
2.46497	-2.20604
1.73267	-1.28955
0.969148	-0.563898
0.908877	-0.581163
1.38797	-1.03844
1.51208	-1.09443
1.7128	-1.38718
1.47263	-1.18737
1.56759	-1.36944
1.4093	-1.17908
1.27036	-0.977043
1.12764	-0.839988
1.0011	-0.761771
0.885616	-0.554149
0.963207	-0.708632
1.26529	-1.10594
1.44486	-1.28636
0.0582177	-0.0824152
0.290319	-0.416554
0.625711	-0.262203
0.740134	-0.0898721
0.675723	-0.116402
0.609043	-0.157367
0.470079	0.0368093
0.462264	0.0104618
0.360519	0.0853177
0.640246	0.0375591
0.954798	0.289454
1.00465	0.291168
0.947216	0.197098
1.36993	0.618363
1.20324	0.261389
1.00179	0.0903102
0.836241	-0.141929
1.0737	-0.232288
0.837034	-0.407919
1.7525	-0.818166
1.62111	-0.768299
1.49932	-0.785184
1.9804	-1.30436
2.32868	-1.97409
1.52653	-1.00938
1.01363	-0.516172
0.994623	-0.512836
1.07034	-0.629818
0.999012	-0.572923
0.930274	-0.489755
0.980023	-0.583221
1.08905	-0.769621
1.20128	-0.948165
1.6955	-1.62347
2.06241	-2.22187
1.54906	-1.41762
0.984074	-0.675556
0.971674	-0.658053
1.45618	-1.26477
1.07177	-0.858512
0.976461	-0.732457
0.893098	-0.656882
0.840894	-0.566677
1.0119	-0.692245
1.23468	-0.929662
1.92703	-1.6543
2.12474	-1.97964
1.05444	-0.923734
0.551738	-0.509832
0.267932	-0.0606144
0.588444	-0.180844
0.672797	-0.312614
0.660756	-0.135199
0.354423	-0.167032
0.407175	0.0086442
0.567864	-0.113134
0.630706	-0.0325901
0.831995	-0.458531
1.2299	-0.711453
0.854473	-0.351802
1.05344	-0.641874
0.936353	-0.371884
0.844972	-0.268426
0.961407	-0.349595
0.961173	-0.305285
0.849413	-0.309934
0.945816	-0.423739
0.970582	-0.544057
0.621026	-0.031434
0.454888	-0.0593348
0.880945	-0.66649
0.767355	-0.505785
0.522572	0.118741
0.467381	-0.102618
0.609753	0.0267824
0.440973	-0.00863933
0.750973	0.105787
0.761384	0.0520446
0.984509	0.309565
0.836704	0.327147
1.33464	0.717738
0.794902	0.359338
1.05404	0.587426
0.985192	0.449334
0.817454	0.436732
0.552741	-0.0199029
0.605195	-0.0991064
0.509772	-0.249346
0.673759	-0.439457
0.580899	-0.444759
0.62916	-0.32691
1.80652	-1.37779
1.87876	-1.47553
1.70973	-1.37606
1.38942	-1.17493
1.37439	-1.2103
1.43986	-1.27743
1.36231	-1.23035
1.36559	-1.2388
1.39001	-1.30474
1.33382	-1.21993
1.31863	-1.05453
1.72751	-1.38472
1.91001	-1.69342
1.98687	-1.90398
2.28404	-2.23108
2.66346	-2.60586
3.21928	-3.2747
3.38861	-3.44971
2.6485	-2.94225
1.83202	-1.85154
1.11646	-0.875127
0.983776	-0.672443
1.02702	-0.691763
1.20868	-0.837787
1.1923	-0.698856
1.41296	-0.933875
1.51038	-0.925565
1.63799	-1.0126
1.54049	-0.893564
1.41344	-0.594338
1.07165	-0.369311
0.906657	-0.335068
0.98102	-0.347744
1.16083	-0.517501
1.68139	-0.876626
1.02793	-0.403037
1.06413	-0.635871
1.11162	-0.542185
1.32637	-0.857774
0.967166	-0.454918
1.10311	-0.395466
0.97552	-0.359519
0.876076	-0.257414
0.948881	-0.241823
0.566627	-0.465848
0.170918	-0.221163
0.390982	-0.0216479
0.268288	-0.286949
0.141151	-0.121254
0.663386	-0.383241
0.879028	-0.327459
0.998852	-0.39545
1.24687	-0.674674
1.22161	-0.69902
0.70731	-0.131125
0.62386	0.0387068
0.90845	-0.230095
1.50615	-1.36975
1.50252	-1.56044
1.55177	-1.66118
1.59556	-1.71191
1.5679	-1.70851
1.79799	-1.89044
1.93958	-1.93357
1.62227	-1.54996
1.17488	-0.865495
1.11469	-0.762868
0.51303	-0.289726
0.624491	-0.128607
0.948509	-0.551007
1.57167	-1.25537
1.24931	-1.30072
1.00318	-0.845047
1.09228	-1.05241
1.96624	-1.83763
1.36845	-1.03722
1.61197	-1.03836
1.14654	-0.429733
1.02206	-0.253576
1.08737	-0.282025
0.990524	-0.241754
0.792346	-0.125293
0.877452	-0.0862839
0.743913	0.0462797
0.464354	0.234142
0.281007	0.342219
0.334763	0.0600145
0.245599	0.0991827
0.262471	0.168815
0.43321	-0.173257
0.858686	-0.252106
1.02757	-0.208237
0.937774	-0.113169
1.2	-0.352639
1.44976	-0.774336
1.41947	-0.741288
1.36038	-0.800384
1.48336	-0.896701
1.34793	-0.678087
1.19404	-0.719345
1.32873	-0.681238
1.22832	-0.621222
1.39622	-0.697118
1.13745	-0.592977
1.42429	-0.806727
0.986515	-0.267565
1.48253	-0.977841
1.04871	-0.548855
1.40025	-0.874357
1.38408	-0.98128
0.978771	-0.68583
0.979349	-0.67789
0.840082	-0.442444
0.847185	-0.159333
1.18166	-0.432953
0.858433	-0.0855531
0.986816	-0.32071
1.0112	-0.306564
0.855636	-0.152541
0.829503	-0.0493356
1.01705	-0.134658
0.972105	-0.0842863
1.00434	-0.192035
1.05723	-0.153645
0.883454	0.0453242
1.11744	-0.188245
1.14325	-0.308183
1.10245	-0.264187
0.999428	-0.735262
1.09666	-1.19115
0.971274	-0.933559
1.36314	-1.1647
1.23666	-0.935256
1.98138	-1.80626
1.96822	-1.81018
1.52594	-0.972748
1.50802	-0.982077
1.58373	-1.15322
1.67868	-1.33994
1.77035	-1.52592
1.55035	-1.26191
1.12309	-0.68849
1.15439	-0.631257
1.19811	-0.633524
1.14754	-0.525111
1.20494	-0.63294
1.44876	-0.933178
1.7689	-1.35217
2.49588	-2.34531
2.12944	-1.65586
0.845024	-0.560306
0.280348	-0.106958
0.325019	0.078855
0.246705	-0.0694181
0.150673	-0.144097
0.144783	-0.259099
-0.205799	-0.146975
0.0384471	-0.279762
0.294225	-0.169726
0.386069	0.00591957
0.546381	-0.588364
1.30624	-1.46858
0.923753	-0.969683
0.749573	-0.716219
0.653087	-0.541484
0.603311	-0.42325
0.711778	-0.490346
0.930445	-0.632882
0.244177	-0.314856
0.0203203	-0.0309399
0.122602	0.211251
0.271787	0.467768
0.545169	0.486037
0.783341	0.276424
0.776073	0.0119661
0.359171	0.0967485
0.513008	-0.0424452
0.75417	0.0342736
0.668812	0.0213658
0.733358	-0.297555
1.2423	-0.650666
1.20911	-0.435587
1.03279	-0.309945
1.26867	-0.66792
1.50137	-1.01637
1.86394	-1.41391
1.65558	-1.28173
2.58373	-2.70344
2.2868	-2.27431
1.28645	-0.840028
1.19755	-0.717846
1.12837	-0.599402
0.942424	-0.508053
0.786736	-0.466149
0.623405	-0.355452
0.39622	-0.188232
0.782494	-0.636257
0.934249	-0.763902
0.751683	-0.419621
0.942729	-0.674106
0.958266	-0.791071
0.0898869	0.0368592
0.460512	0.292421
0.216914	-0.29831
0.928133	-1.09042
0.724298	-0.86822
0.830938	-0.878945
0.867264	-0.945035
0.664313	-0.798105
0.643098	-0.821397
0.62346	-0.792136
0.555355	-0.675052
0.534551	-0.553881
0.477085	-0.475682
0.489898	-0.506644
0.526121	-0.540362
0.282571	-0.529674
0.263761	-0.47159
0.423597	-0.500773
0.454188	-0.449405
0.448598	-0.401269
0.830901	-0.517486
0.861216	-0.677604
0.67999	-0.533026
0.695521	-0.615711
0.593951	-0.649197
0.148827	-0.168961
-0.00850331	-0.0534044
0.159283	-0.0834612
-0.12877	-0.368232
-0.106233	-0.241534
-0.00711104	-0.105861
0.478307	-0.198927
0.950769	-0.562606
0.824799	-0.315025
0.98413	-0.466517
0.991818	-0.509769
0.89132	-0.383752
0.762998	-0.198765
0.780388	-0.205944
0.856349	-0.31716
1.05979	-0.59322
0.90667	-0.45769
0.780858	-0.388084
0.741229	-0.567387
0.879352	-0.852767
0.994009	-0.802837
0.487788	-0.626263
0.422795	-0.494077
-0.0600952	-0.144511
0.0938594	-0.334667
0.186998	-0.395084
-0.0106837	-0.302502
0.13917	-0.172813
0.412902	-0.462441
1.47748	-1.32769
1.71589	-1.3351
1.70282	-1.21512
1.83539	-1.24272
1.78922	-1.05584
1.73938	-0.84493
1.53539	-0.554135
1.26914	-0.244922
1.29963	-0.581939
1.28177	-0.697109
1.37234	-0.933273
1.96737	-1.5486
1.00714	-0.834662
0.378283	-0.427633
0.302089	0.0356483
0.574104	0.392831
0.306771	0.422556
0.101479	0.242359
0.52237	-0.0160863
0.782837	-0.242656
0.830737	-0.251038
0.743399	0.185437
0.615773	0.110713
0.56776	-0.171762
-0.0468429	-0.233139
0.502858	-0.503551
0.221303	-0.307442
0.636569	-0.489168
0.807656	-0.489266
1.04708	-0.600686
1.28153	-0.792937
1.1503	-0.678941
0.205903	-0.292502
0.174314	-0.108976
0.294701	0.0597858
0.343025	0.292537
0.0228243	0.275974
0.130157	0.214569
0.150269	0.129059
0.274165	0.239421
0.0841767	0.347018
0.16898	0.311962
0.237594	0.0691976
0.856082	-0.29663
1.14394	-0.480227
1.70698	-1.19703
1.59386	-1.2389
1.5207	-1.18164
1.93888	-1.65287
2.05751	-1.6887
2.26736	-1.95845
2.32301	-2.13047
2.50175	-2.30922
2.18586	-1.75336
1.59863	-0.866888
1.24654	-0.517497
1.34031	-0.721787
1.44579	-0.988502
1.42656	-0.86476
1.14807	-0.662539
1.19374	-0.763023
1.04678	-0.60054
0.964744	-0.511899
0.796322	-0.4318
0.795624	-0.458351
0.814352	-0.564916
0.814743	-0.65916
0.804139	-0.741029
0.77707	-0.815042
0.663303	-0.826615
0.58117	-0.805823
0.570405	-0.846922
0.552371	-0.882204
0.542876	-0.874064
0.660756	-1.03609
0.820878	-1.0343
0.454443	-0.798082
0.3106	-0.662542
0.676374	-0.745799
0.555847	-0.464522
0.455316	-0.0680875
0.466304	0.11781
0.354212	-0.0493095
0.338637	0.0427228
0.674918	0.486769
0.615363	0.611868
0.479552	0.481112
0.358915	0.336148
0.257339	0.200607
0.332478	0.305098
0.404082	0.0986643
0.334279	0.226242
0.279398	0.266105
0.323336	0.224347
0.413195	0.173337
0.457283	0.182705
0.369704	0.157915
0.327544	0.0442007
0.938588	-0.224531
0.926529	-0.165202
1.26932	-0.626101
1.38301	-0.572868
1.07126	-0.229293
0.875926	-0.160387
0.695333	0.134578
0.93114	-0.145023
0.84962	0.0671319
0.918887	-0.149546
1.08411	-0.55029
1.22223	-0.333928
0.95579	-0.179643
1.42882	-0.802482
1.20076	-0.629148
0.890526	-0.15293
1.04914	-0.427698
1.30354	-0.735514
1.33453	-0.938289
0.212724	-0.0392627
-0.102758	-0.141246
-0.0321301	-0.142231
0.0404395	0.0429618
0.419364	0.183177
0.581581	-0.0365345
0.632632	-0.382638
0.469057	-0.710259
1.95227	-1.80988
1.68842	-1.5875
1.57938	-1.61688
1.63354	-1.69123
1.58075	-1.45234
1.46094	-1.27388
0.994361	-0.874217
0.696765	-0.742157
0.498607	-0.638192
0.278156	-0.561843
0.154766	-0.557247
0.281289	-0.640673
0.939245	-1.02215
1.62578	-1.69977
1.50238	-1.59303
1.30265	-1.38115
1.33715	-1.06561
0.13826	-0.30146
-0.236793	-0.220293
-0.128309	-0.19452
-0.131007	-0.159417
1.04351	-1.04643
1.21626	-1.23548
1.32721	-1.3331
1.57797	-1.54365
1.88275	-1.87259
2.1534	-2.15369
2.13501	-1.926
1.18336	-0.903291
0.60133	-0.59551
0.587488	-0.10918
0.629066	-0.0527365
0.697524	0.179056
0.865035	-0.0464608
0.93978	-0.255305
1.0826	-0.618163
1.39169	-1.15122
1.52459	-1.3406
1.1764	-0.997262
1.41659	-1.59675
1.35288	-1.53619
0.917042	-0.822081
0.787908	-0.611909
0.693703	-0.497527
0.820655	-0.770639
0.717118	-0.828305
0.636068	-0.825126
0.0176448	-0.626055
0.0327289	-0.609101
0.0564058	-0.368854
0.173814	-0.396825
0.043126	-0.571535
0.0676023	-0.56218
-0.0450443	-0.741011
0.0501396	-0.738921
0.207046	-0.774695
0.179394	-0.75505
0.179285	-0.695762
0.283189	-0.792355
0.3122	-0.804388
0.559305	-1.0282
1.09523	-1.45172
0.833381	-0.928326
0.426496	-0.814818
0.660679	-0.634589
0.725708	-0.544521
0.0121759	-0.0803127
0.491727	0.33199
0.191912	-0.0855366
1.48327	-1.11061
1.16218	-0.774312
1.08952	-0.765004
1.29666	-1.0662
1.33406	-1.25437
1.92745	-2.09482
2.10885	-2.38515
1.29783	-1.28915
1.13147	-0.941841
1.17036	-0.754286
1.16494	-0.70856
1.01538	-0.562693
0.755342	-0.331011
0.519205	-0.0992277
0.777367	-0.459064
1.5129	-1.12885
0.954128	-0.859485
0.971825	-0.659457
0.225105	0.0579063
0.131368	0.0353981
0.893584	-0.481744
1.15837	-1.00154
1.31858	-1.15618
1.4005	-1.1326
1.6042	-1.24907
2.28261	-2.00918
2.63768	-2.20229
2.3608	-2.01962
1.8726	-1.40358
1.65545	-1.23935
1.52024	-1.04626
1.0473	-0.392075
0.961421	-0.172508
0.951225	-0.1758
0.595152	0.0104131
0.607875	0.0417673
0.53202	0.0529676
0.80533	-0.091224
1.04552	-0.307543
0.923261	-0.316603
1.17618	-0.602021
1.19427	-0.770686
1.17836	-0.874054
1.11752	-0.725879
1.30997	-1.04916
1.35867	-1.07889
1.16644	-0.809002
1.68466	-1.66009
1.40324	-1.36497
1.04989	-1.15168
1.47335	-1.64413
1.15171	-1.43819
1.43773	-1.46985
1.58299	-1.79156
0.769355	-0.0351601
0.888837	-0.168146
1.00973	-0.155647
0.829898	0.101947
0.901958	-0.101122
1.20523	-0.452162
0.966363	-0.346563
1.08836	-0.301247
0.977587	-0.242672
0.928574	-0.64129
1.02209	-0.815723
1.15868	-0.947493
1.42741	-1.14941
2.0232	-1.51061
1.19914	-0.52158
0.848093	-0.242848
1.30583	-0.860595
2.09903	-1.90165
2.55442	-2.6438
2.57527	-2.96359
2.44108	-2.82132
2.47895	-2.8194
1.75883	-1.51099
1.13754	-0.754365
1.07737	-0.705111
1.24528	-0.87611
1.20822	-0.758579
1.2385	-0.726031
1.17531	-0.590643
1.11857	-0.541043
1.13029	-0.544631
1.18692	-0.623257
1.21229	-0.689211
1.14316	-0.674989
1.14031	-0.746012
1.16518	-0.858039
1.50662	-1.38182
1.64698	-1.59035
1.28311	-1.12953
0.952614	-0.733374
0.903558	-0.614335
0.942028	-0.612034
1.04886	-0.699283
1.09275	-0.730069
1.09635	-0.743178
1.10773	-0.66502
0.972279	-0.463161
0.938301	-0.450984
0.884989	-0.327968
0.85054	-0.263503
0.978946	-0.5479
1.15779	-0.836532
1.21018	-0.969575
0.916683	-0.679621
0.674441	-0.555402
0.577623	-0.644487
0.50568	-0.652893
0.485591	-0.70287
0.51191	-0.763596
0.413277	-0.593964
0.300172	-0.567485
0.36872	-0.57571
0.417811	-0.473627
0.616175	-0.546389
0.720977	-0.505385
0.810942	-0.493913
0.808754	-0.377715
0.819366	-0.349155
0.780332	-0.300265
0.779378	-0.307406
0.771182	-0.318733
0.741469	-0.316864
0.791961	-0.419439
0.905353	-0.607613
0.77559	-0.564361
0.681857	-0.455492
0.923102	-0.633613
1.23358	-0.910354
1.22039	-0.972797
1.23425	-1.00433
1.25347	-0.984487
1.25394	-0.896526
1.28371	-0.93918
1.39548	-1.09054
1.45692	-1.18673
1.49568	-1.23679
1.48401	-1.19958
1.53133	-1.23984
2.04048	-1.87177
1.69099	-1.19952
1.23613	-0.570917
0.962605	-0.457528
1.4597	-1.05278
1.53201	-1.09111
1.46762	-0.874071
1.31971	-0.799784
1.40428	-0.922054
1.21364	-0.728954
1.20726	-0.747986
1.28161	-1.05851
1.39573	-1.06361
1.3605	-0.958756
0.990031	-0.373121
1.00782	-0.394594
0.903319	-0.302256
1.0812	-0.387201
1.15382	-0.618742
1.03059	-0.339657
0.94546	-0.271528
0.932371	-0.0136313
1.19491	-0.410876
0.902206	-0.231005
0.91853	-0.107284
0.837392	-0.0766808
0.700804	-0.0014578
0.771862	-0.569171
0.916224	-0.572626
0.940803	-0.592799
1.03194	-0.357153
0.974531	-0.308843
1.24414	-0.636535
0.911553	-0.196752
1.48405	-0.863838
1.21951	-0.714982
1.45361	-0.932828
2.11424	-1.55692
1.26828	-0.623802
1.5051	-0.982595
1.49371	-1.119
1.82294	-1.60164
1.63096	-1.31037
2.13813	-1.78824
1.94896	-1.98927
1.94848	-2.05445
1.54144	-1.59069
1.29613	-1.31376
1.23223	-1.20807
1.40281	-1.4427
1.4606	-1.37386
1.3949	-1.40383
0.67679	-0.627245
-0.0365254	-0.0532951
-0.337147	-0.424154
-0.208919	-0.31051
0.300249	-0.324035
0.645705	-0.364078
0.599524	-0.131084
0.838787	-0.42227
0.923786	-0.398835
1.405	-0.724283
1.75981	-1.23319
2.00046	-1.57192
1.986	-1.5613
1.64642	-1.11586
1.65694	-1.17177
1.66787	-1.23557
1.41178	-0.948394
1.7303	-1.46082
1.62616	-1.60773
1.38363	-1.35767
1.38531	-1.25909
1.04075	-0.772095
0.72168	-0.289992
0.845426	-0.391524
0.883115	-0.336096
1.17892	-0.624856
0.836276	-0.40023
0.920226	-0.404335
0.730348	-0.292352
0.810331	-0.342288
0.900705	-0.345757
1.37109	-0.620365
1.53252	-0.996622
1.83504	-1.49432
2.26735	-2.18641
2.27312	-2.21071
1.61303	-1.77358
1.96082	-2.34935
1.42127	-1.15096
0.96191	-0.468974
1.08752	-0.46861
1.08461	-0.524166
1.14053	-0.568426
1.1193	-0.535396
1.04785	-0.469156
1.15755	-0.656275
0.974988	-0.45344
1.16564	-0.510836
1.15078	-0.510824
0.87153	-0.352659
0.290868	-0.228766
-0.224631	-0.0881416
0.0859604	-0.0447753
0.188383	0.259445
0.463058	0.337096
0.532506	0.104828
-0.0213304	-0.349271
0.0919779	-0.213984
0.855188	-0.385576
0.534381	-0.0837608
0.598247	-0.056651
0.712084	0.0044091
1.15697	-0.244748
1.05863	-0.309314
0.868214	-0.119605
0.758717	-0.193226
1.19575	-0.601322
1.19076	-0.606606
1.35513	-0.928208
1.06155	-0.713743
0.902936	-0.665817
0.937422	-0.634427
0.999699	-0.259087
0.844075	-0.0695864
1.00543	-0.136958
0.869829	0.0855327
0.93862	-0.237586
1.13749	-0.52489
1.10367	-0.509627
0.976557	-0.216986
0.632866	0.0818246
0.987354	0.0321812
1.0516	-0.270308
0.991996	0.046384
1.12333	-0.0652317
1.02005	-0.198756
0.812086	0.0925415
1.11537	-0.266258
0.945145	-0.198154
1.01111	-0.301123
1.1244	-0.386332
1.04978	-0.0437081
0.654347	-0.0948194
1.75049	-1.08596
1.5623	-1.03875
1.00552	-0.349817
1.09031	-0.120765
0.916136	0.123649
0.853458	-0.108745
1.67045	-0.834555
1.9844	-1.46481
1.47312	-0.790687
1.91096	-1.3453
1.60755	-1.00124
1.03268	-0.329728
1.41302	-0.793182
1.35396	-0.734722
1.2628	-0.640023
1.94773	-1.48785
2.29735	-1.93254
2.06141	-1.53055
1.84292	-1.33007
1.84929	-1.44335
1.747	-1.2544
1.61652	-1.20977
1.55217	-1.17403
1.68015	-1.3524
2.07864	-2.27182
1.31968	-1.44282
1.14982	-1.21509
1.01529	-1.02311
0.925768	-0.866036
0.84441	-0.678181
0.874031	-0.636335
1.3937	-1.08197
1.43556	-0.965702
0.462137	-0.456421
0.330937	-0.189196
0.399953	0.0902142
0.306261	0.401183
0.334587	0.285801
0.476401	0.212256
0.320194	-0.154986
0.331517	-0.239376
0.440448	-0.200287
0.721987	-0.3163
0.721337	-0.111723
0.857596	-0.295411
0.729284	-0.373196
2.11431	-1.67125
2.06754	-1.81033
1.94243	-1.6701
1.89945	-1.53481
1.98533	-1.58544
2.31675	-2.0471
1.69918	-1.36331
1.01525	-1.06845
0.619327	-0.424111
1.83086	-1.6074
1.90917	-1.7331
1.75105	-1.70695
1.51656	-1.25094
1.40114	-1.1008
1.14128	-0.77873
1.03382	-0.631415
1.08152	-0.57348
1.22726	-0.725316
1.20784	-0.621558
1.20879	-0.885302
0.898147	-0.84083
0.815183	-0.823907
1.20153	-1.29823
1.27239	-1.3141
1.03942	-0.991955
0.910746	-0.821908
0.676661	-0.622813
0.71906	-0.740173
0.933019	-0.930935
0.608593	-0.670708
0.410956	-0.646304
0.334585	-0.673897
0.394537	-0.780184
0.370615	-0.768472
0.36887	-0.800219
0.344535	-0.764906
0.334609	-0.719713
0.254347	-0.676689
0.561129	-0.0306324
0.888281	0.725006
0.990791	0.682589
1.00237	0.876864
0.748754	0.250774
0.917347	0.663384
0.583867	0.222892
0.611443	0.0570648
1.01709	0.581668
1.1167	0.599347
0.873571	0.388524
0.717431	0.121189
0.584749	0.00880015
0.525628	-0.401658
0.5128	-0.961659
0.723447	-1.03906
1.331	-1.63988
0.958032	-1.1737
0.833995	-0.997689
0.937261	-1.05094
0.973156	-0.975649
1.0882	-0.990283
1.12237	-0.861507
1.31684	-0.934272
1.31892	-0.912415
1.3356	-0.928293
1.17769	-0.683643
1.09257	-0.543512
1.07879	-0.592108
0.912946	-0.377914
0.971848	-0.433169
1.2241	-0.716923
1.58288	-0.909305
2.24131	-1.54936
1.80262	-1.05624
1.19831	-0.582066
1.11811	-0.75869
1.55938	-1.30172
1.81074	-1.23848
1.71307	-1.27073
1.19046	-0.734689
1.02648	-0.556648
0.966851	-0.433364
0.832015	-0.268781
0.99104	-0.51558
0.883452	-0.352038
0.887493	-0.364448
0.871367	-0.178683
0.731242	-0.163474
0.86699	-0.200555
0.742135	-0.0661283
1.34294	-0.833364
1.12963	-0.407391
0.900926	-0.104738
1.0792	-0.202666
1.04143	-0.264054
1.05927	-0.466848
0.794677	-0.278795
1.06124	-0.307973
1.0212	-0.185888
0.901228	-0.172069
0.822876	-0.0319851
0.639633	0.068448
0.645365	0.251313
0.656755	-0.0488945
0.674318	0.100346
0.847472	0.14109
0.889478	0.180698
0.690151	0.40663
0.566146	0.000274432
0.853484	-0.206574
0.962889	0.08211
0.716502	-0.179906
1.37378	-1.27843
1.79393	-1.81073
1.41898	-1.41335
1.00348	-0.988062
0.907596	-0.934758
0.644364	-0.661428
0.493772	-0.521539
0.360847	-0.391648
0.247705	-0.322761
1.07917	-0.91012
0.778263	-0.800267
0.863124	-0.943645
0.919832	-0.649047
0.628372	-0.134555
0.537135	-0.42238
0.665545	-0.392344
0.506203	-0.259425
0.678085	-0.34942
1.11541	-0.733331
1.38805	-0.859839
1.02844	-0.6295
0.039588	-0.172069
0.0212275	-0.0510185
0.16554	0.067779
0.165162	0.227902
0.322346	0.139705
0.254055	0.324828
0.230457	0.157366
0.274695	0.120838
0.250112	0.0927044
0.264916	-0.0515941
0.459886	-0.498421
2.25395	-2.09173
2.383	-2.17752
2.49701	-2.36105
2.73951	-2.75221
2.05041	-1.55986
2.25663	-1.44626
2.01779	-1.08714
1.8933	-0.709648
2.30975	-1.61475
2.55545	-1.78156
2.07902	-1.27178
1.78531	-1.21851
1.65702	-1.25735
1.5918	-1.31834
1.82735	-1.67016
1.9655	-1.93467
1.73978	-1.70309
1.49165	-1.35509
1.55476	-1.4141
1.80704	-1.65489
1.00408	-1.30195
0.589502	-0.439522
0.229289	-0.10311
0.255415	-0.359293
0.303452	-0.23342
0.467972	-0.315377
0.584923	-0.524518
0.662184	-0.84577
0.484988	-0.789912
0.481522	-0.684309
0.43308	-0.467404
0.699134	-0.608633
0.991548	-0.907335
1.12472	-1.22382
0.635639	-0.657335
0.663821	-0.380977
0.711561	-0.386298
0.76985	-0.410175
0.826751	-0.458872
0.944416	-0.604756
1.05261	-0.828117
1.35713	-1.2586
1.58143	-1.59722
2.14488	-2.34749
1.66621	-1.70616
1.30641	-1.37973
1.4531	-1.43381
0.602871	-0.370347
0.550342	-0.354775
1.02992	-0.86073
0.998175	-0.819438
1.35962	-1.24062
1.08118	-0.878002
0.868592	-0.551693
0.877892	-0.70137
1.12908	-0.766306
1.06987	-0.679976
1.04727	-0.5129
0.523237	-0.136293
0.499663	-0.213594
0.698676	-0.587933
0.973096	-1.02686
0.694221	-0.82494
0.900635	-0.926121
1.73692	-1.3521
1.48101	-0.862557
1.44964	-1.21979
0.601804	-0.630548
0.802309	-0.811311
0.911927	-0.715126
0.863763	-0.665712
0.930358	-0.662673
1.0982	-0.861932
1.27198	-1.02653
1.38025	-0.871351
1.37899	-1.5475
0.70931	-1.21917
0.469456	-1.08655
0.24865	-0.94778
0.285187	-0.945011
0.308981	-0.869751
0.495159	-0.960397
0.668042	-1.00475
0.837291	-0.939316
0.891131	-0.800142
0.834338	-0.564247
0.952445	-0.446052
1.16503	-0.613104
1.01979	-0.51064
0.866494	-0.335321
0.757746	-0.217012
0.79735	-0.302285
0.905586	-0.494854
0.776065	-0.51436
0.718348	-0.681298
1.23882	-1.0676
0.921327	-1.00412
0.745273	-0.979181
0.575606	-0.899718
0.359334	-0.819382
0.307084	-0.859836
0.316015	-0.917568
0.370788	-0.957229
0.537724	-1.05292
0.510374	-0.984067
0.626357	-0.998981
0.946598	-1.17811
1.04131	-1.08217
1.08669	-1.15619
1.21803	-1.19057
1.56808	-1.49995
1.42977	-1.43333
1.02494	-0.978202
0.966149	-0.896108
0.986971	-0.989476
1.55524	-1.41674
1.39261	-1.12142
1.04426	-0.853456
1.07562	-0.852608
0.799753	-0.488232
1.12726	-0.48097
1.21789	-0.526293
0.970948	-0.359962
0.809601	0.201651
0.931068	-0.257762
0.956097	-0.263972
0.960801	0.0279209
0.980375	-0.0743917
0.627953	0.347038
0.236157	-0.312048
0.549318	-0.074908
0.746355	0.187024
0.580261	0.169559
0.84893	0.338382
0.969862	0.501476
0.761566	0.395558
0.764674	0.363193
0.566049	0.361851
0.56044	0.313651
0.381152	0.0246796
0.566338	-0.407282
1.11383	-0.951667
1.03754	-1.08573
0.903841	-0.960006
0.820737	-0.815491
0.923619	-0.942951
1.12234	-1.19726
1.90974	-2.02831
2.18394	-2.42307
2.16339	-2.43023
2.46267	-2.62337
1.70766	-1.34128
1.11382	-0.535026
0.948477	-0.407072
1.01036	-0.616857
0.917774	-0.60628
0.941855	-0.648455
1.19116	-0.991338
1.66933	-1.63589
1.57293	-1.60447
1.53996	-1.69518
1.38207	-1.5182
1.27682	-1.38851
0.93002	-0.847568
0.574535	-0.300012
0.523174	-0.162874
0.497434	-0.0505126
0.563308	-0.164501
0.67183	-0.343375
0.710431	-0.438222
0.70585	-0.404882
0.659743	-0.461536
0.697237	-0.566337
0.673631	-0.566568
0.73896	-0.605564
0.754588	-0.584641
0.753879	-0.513935
0.745781	-0.562304
0.683206	-0.589695
0.702496	-0.614362
0.727522	-0.584377
0.804023	-0.599662
0.825159	-0.52745
0.869454	-0.492534
0.823268	-0.351962
0.821795	-0.267522
0.735184	-0.0942765
0.728915	-0.00815136
0.730719	-0.0258279
0.738426	-0.0965571
0.809768	-0.299408
0.849019	-0.482625
0.878787	-0.684278
0.794612	-0.745307
0.757538	-0.88884
0.777028	-1.09093
0.629745	-0.943868
0.564075	-1.04837
0.816513	-1.40253
0.721384	-1.25157
0.926309	-1.31843
1.32017	-1.44718
1.77875	-1.46032
1.21726	-0.76078
1.16833	-0.548466
1.15496	-0.761222
1.04703	-0.628235
1.15495	-0.701228
1.05183	-0.553139
1.05891	-0.459438
1.21757	-0.793341
1.31985	-0.707528
0.966343	-0.379386
1.04647	-0.411007
1.06246	-0.370667
1.00912	-0.451821
0.818656	-0.22716
0.640643	-0.157112
0.818197	0.00817455
0.827544	-0.300764
0.515285	-0.0396522
0.725849	-0.0490626
0.938382	-0.223907
0.749056	-0.301626
0.561309	-0.00112488
0.695658	-0.202605
0.99073	-0.525946
0.986037	-0.678189
1.18354	-0.787607
1.02454	-0.58075
0.765767	-0.119682
1.03868	-0.197079
1.24046	-0.614209
1.17264	-0.448959
0.942006	-0.300713
0.975573	-0.389547
1.06036	-0.350554
1.11741	-0.121328
1.0263	-0.35487
1.06477	-0.164881
0.887161	-0.239126
0.660663	-0.0258003
0.95161	-0.160848
0.989763	-0.254886
0.866535	-0.121829
0.881077	-0.169192
0.853586	-0.18648
0.725521	-0.175526
1.12053	-0.477539
1.01218	-0.118792
0.878014	-0.102478
0.876882	-0.158472
0.745048	0.00559716
0.916984	-0.190477
1.04116	-0.345267
1.14173	-0.480599
0.913297	-0.0132445
0.885255	-0.0252823
0.909177	-0.0172689
1.00864	-0.31688
0.935498	0.0298617
1.04175	0.0239119
1.0674	-0.0364547
1.10476	-0.415504
0.918761	-0.237685
0.929984	-0.0246889
0.787511	-0.0940149
0.776962	-0.147721
0.834571	-0.129152
0.801233	0.0707524
0.684285	-0.127986
1.16581	-0.575397
1.12652	-0.522393
0.671506	-0.098772
1.2886	-0.66366
1.29559	-0.621998
1.62191	-1.04455
1.49562	-1.07051
1.07998	-0.763898
0.826204	-0.323904
0.485975	0.0408452
0.487391	-0.0256287
0.122224	0.449935
0.561853	0.214046
0.421514	0.301361
0.390832	0.0500838
0.487317	-0.46921
0.751381	-0.768735
0.577268	-0.850087
0.776557	-1.02055
0.885988	-1.20119
1.03121	-1.26105
1.06954	-1.39302
1.36777	-1.62744
1.73124	-1.77334
0.952187	-0.871622
0.915092	-0.782033
0.564187	-0.0959717
0.301531	0.334394
0.950539	0.0590295
0.925955	-0.35611
0.834301	-0.343131
0.922763	-0.506362
0.72946	-0.215067
1.68616	-1.08846
0.784695	-0.529723
0.73972	-0.315636
0.786611	-0.228818
0.788082	0.425027
0.773343	0.242421
0.435668	0.121525
0.175101	0.0227713
0.808565	-0.520411
0.775616	-0.308356
1.01058	-0.554372
0.563939	0.109493
0.51603	-0.0328076
1.05867	-0.712134
0.749141	-0.472357
0.93682	-0.507077
0.871624	-0.432692
0.880377	-0.556663
0.864481	-0.668726
0.87838	-0.731179
0.923322	-0.499485
1.20045	-0.774295
1.40388	-0.902185
0.982069	-0.643725
0.692087	-0.357463
0.977213	-0.482095
0.668577	-0.858797
0.584569	-0.842973
0.647636	-0.45312
0.549115	-0.407704
0.263806	-0.118363
0.113567	-0.0188423
0.0619769	-0.262023
0.32328	-0.535354
0.509465	-0.564203
0.613365	-0.583056
1.28263	-1.25912
0.66144	-0.574836
0.152251	-0.332021
0.748716	-0.638625
0.740827	-0.470525
0.848439	-0.538255
0.734002	-0.403292
0.875772	-0.405077
0.653211	0.448763
0.800993	0.0931213
1.70711	-1.05485
1.41623	-0.696017
1.48288	-0.888987
1.373	-0.767995
1.17102	-0.68962
1.15242	-0.682876
1.33278	-0.921902
1.64341	-1.3516
2.16155	-1.86387
2.29522	-2.15405
1.92584	-1.98216
1.38661	-1.58549
1.11876	-1.44263
0.784101	-1.2262
0.561132	-1.20122
0.442448	-1.15884
0.419443	-1.17731
0.382422	-1.15744
0.290364	-1.10406
0.157997	-1.037
0.0399223	-1.0395
0.175048	-1.04308
0.379609	-1.20157
0.511689	-1.16942
0.653686	-1.13787
0.935121	-1.26151
1.08639	-0.993056
0.941423	-0.944619
0.843953	-0.826251
1.12047	-0.984179
0.999091	-0.738124
0.87438	-0.345349
0.932526	-0.265596
0.790885	-0.490202
0.725056	-0.167399
0.961147	-0.268294
0.784658	-0.0547868
1.01492	-0.286064
