-1.27445	-0.147493
-0.906717	-0.202248
-0.951421	-0.361972
-0.889491	-0.553543
-0.839986	-0.300096
-0.81221	-0.213739
-0.806634	-0.391962
-0.979244	-0.232146
-0.923875	-0.168542
-0.438296	-0.237412
-0.0705599	-0.104222
-0.27662	0.0486988
-0.620402	0.149735
0.243529	-0.0951013
0.00967784	-0.13003
-0.086908	-0.22743
-0.162298	-0.275625
-0.367307	-0.113603
-0.695658	0.102121
-0.953647	0.133757
-0.654503	0.202665
-0.655279	0.221413
-0.524108	0.151277
-0.799769	0.057179
-0.669015	0.027947
-0.647524	-0.00161526
-0.552665	-0.00472521
-0.43802	-0.0528447
-0.403423	-0.00730582
-0.309741	0.00216096
-0.238938	0.0708438
-0.255135	0.186181
-0.231187	0.167005
-0.21529	0.175719
-0.239495	0.160832
-0.187447	0.166696
-0.21983	0.209701
-0.216973	0.205478
-0.157604	0.286845
-0.0872388	-0.0850673
-0.184368	-0.174896
-0.288527	-0.141549
-0.421611	-0.0753639
-0.427235	-0.108949
-0.241311	-0.124878
0.0316854	-0.116579
0.133113	0.0187126
-0.116527	-0.0964831
-0.155969	-0.211006
-0.250018	-0.104912
-0.525682	-0.0338049
-0.629627	0.000301874
-0.875379	-0.0881032
-0.820286	-0.1524
-0.798107	-0.212849
-0.685281	-0.186092
-0.309142	0.195704
-0.0925329	0.00722278
-0.353011	0.0250791
-0.480635	0.0692902
-0.342925	-0.159971
-0.198484	-0.391768
0.0360599	-0.475309
0.0309816	-0.256978
-0.263994	0.157555
-0.187591	-0.000840533
0.0408163	-0.0369823
-0.159014	-0.160987
-0.424543	-0.0791934
-0.705767	-0.140857
-0.483143	-0.172542
-0.471553	-0.158226
-0.486717	-0.304145
-0.495964	-0.109164
-0.687354	-0.0880606
-0.448556	0.00482545
-0.636236	0.186697
-0.396133	0.600074
-0.342239	0.7528
-0.346216	0.787646
-0.297279	0.787907
-0.293708	0.777285
-0.341463	0.799073
-0.382042	0.782283
-0.432049	0.741099
-0.52383	0.706834
-0.583498	0.515531
-0.644591	0.344518
-0.456253	0.143626
-0.0784596	0.128261
-0.00461912	0.0655982
0.0247799	0.024351
-0.249196	-0.0162533
-0.158317	-0.0521617
-0.200605	-0.0333068
-0.260569	-0.0852291
-0.368004	-0.156222
-0.521197	-0.137536
-0.352798	-0.121712
-0.012965	0.0470055
-0.458943	0.353714
-0.82375	0.00859915
-0.612326	-0.0962435
-0.825069	-0.0467391
-0.804718	-0.111314
-0.796305	-0.0688647
-0.618808	-0.186226
-0.760496	-0.1138
-0.453738	-0.25393
0.137407	0.222856
-0.293167	0.246015
-0.333087	-0.0493211
-0.633592	-0.294822
-0.824472	-0.261876
-0.409588	0.0754735
-0.416118	0.149104
-0.388481	0.278983
-0.272998	0.295658
-0.385836	0.27416
-0.388437	0.371475
-0.250064	0.289826
-0.193611	0.322583
-0.199823	0.347131
-0.0113921	0.207812
0.229837	0.123885
0.130098	0.121172
0.103281	0.0137463
0.153252	-0.0434284
0.159118	-0.0639118
0.205174	0.0165631
0.157401	0.176561
-0.130794	0.327208
-0.401793	0.319795
-0.357908	0.370433
-0.331851	0.448098
-0.2571	0.382762
-0.318322	0.472219
-0.266394	0.37733
-0.224507	0.436291
-0.290648	0.428058
-0.30714	0.472874
-0.562207	0.244182
-0.500048	0.266022
-0.215232	0.274078
-0.12578	0.268034
-0.143862	0.292016
-0.115283	0.287767
-0.0024492	0.315642
0.0441564	0.327769
0.167334	0.311507
0.231605	0.437062
0.289238	0.36698
0.507344	0.231556
0.578205	0.367483
0.590708	0.529007
0.362193	0.67699
0.0054488	0.534087
-0.175876	0.0418723
0.252638	-0.0312849
0.184054	-0.136872
0.00681219	-0.661599
-0.0915265	-0.305873
-0.027318	-0.0975193
-0.19395	0.258499
0.124052	0.132354
0.157346	0.210434
0.389142	0.142681
0.522639	0.157073
0.4432	0.28172
0.418258	0.287962
0.192867	0.25557
-0.144508	0.15655
-0.388998	0.0863514
-0.644351	0.119295
-0.538243	-0.081943
-0.722354	0.0972193
-0.498091	0.104409
-0.594354	-0.0431573
-0.789023	-0.136484
-0.635985	-0.0592856
-0.699567	-0.336821
-0.711701	-0.432227
-0.693796	-0.349737
-0.866278	-0.373902
-0.692888	-0.448843
-0.733484	-0.233267
-0.574858	-0.311128
-0.623968	-0.342882
-0.649095	-0.373643
-0.897478	-0.323997
-0.800913	-0.412377
-0.655035	-0.339776
-0.196907	0.153659
0.138897	0.334987
0.187277	0.373187
0.277194	0.334881
0.561408	0.370014
0.238718	0.433393
0.121518	0.5719
0.0927708	0.472208
-0.04362	0.335493
-0.444909	0.467363
-0.407429	0.289464
-0.457031	0.156549
-0.544947	0.106957
-0.509381	-0.0984332
-0.462918	-0.218392
-0.476866	-0.233766
-0.421638	-0.258503
-0.307317	-0.253915
-0.266984	0.0662371
-0.439952	0.17706
-0.261796	0.00759589
-0.317736	0.109143
-0.552553	0.0803988
-0.921729	0.130236
-0.827938	-0.26872
-0.558465	-0.0471717
-0.0413483	-0.00497604
-0.310763	-0.181354
-0.247752	-0.212483
-0.214182	-0.165654
-0.0647969	-0.136925
0.0847663	-0.0800763
0.0781844	-0.0283342
-0.151361	0.0949537
-0.0673586	0.138324
-0.0527459	0.172133
-0.0180593	0.191201
-0.0836431	0.173886
-0.0460727	0.159709
-0.0527959	0.180529
-0.0385803	0.16207
0.205437	0.244462
0.306878	0.237242
0.318278	0.241759
0.330995	0.191255
0.378372	0.208643
0.303595	0.200102
0.247336	0.285633
0.0734996	0.393551
-0.207369	0.528029
-0.311038	0.545365
-0.489706	0.558136
-0.662753	0.535846
-0.650254	0.411667
-0.704009	0.320486
-0.651744	0.263047
-0.787561	0.290108
-1.00926	0.349209
-0.895452	0.328973
-0.586495	0.467669
-0.322152	0.462955
-0.383684	0.38377
0.0908597	-0.126627
0.09115	0.152801
0.20241	0.109987
0.0348047	0.23358
0.0445608	0.423975
-0.17021	0.386581
-0.354496	0.414631
-0.506698	0.463113
-0.420998	0.306026
-0.2034	0.128597
-0.41498	0.287802
-0.48547	0.288463
-0.461733	0.324175
-0.542634	0.32913
-0.593296	0.448078
-0.544527	0.298365
-0.443315	0.276753
-0.143066	0.171865
0.0778143	0.04374
-0.0391123	0.166607
-0.0918225	0.320253
-0.195459	0.409065
-0.292828	0.474397
-0.571825	0.434999
-0.558632	0.361294
-0.606698	0.262329
-0.334637	0.129675
-0.195457	-0.0232985
-0.192543	0.205542
-0.194219	0.313773
-0.458683	0.416116
-0.975145	0.320103
-0.19035	0.239933
-0.235223	0.156872
-0.379903	0.221473
-0.23592	0.277066
-0.0577992	0.161339
0.196211	0.0742894
0.119668	0.0889654
-0.054257	0.225504
-0.0657068	-0.216164
-0.0155955	-0.379283
-0.360569	-0.290967
-0.34102	-0.350175
-0.401492	-0.30859
-0.438589	-0.218133
-0.564349	-0.132435
-0.574769	-0.0983111
-0.543198	0.00271798
-0.418686	0.0384919
-0.120255	-0.0126148
0.13937	-0.124359
0.116118	0.20217
-0.356474	0.585926
-0.362857	0.796863
-0.367834	0.643932
-0.308738	0.540469
-0.0818649	0.546556
-0.140122	0.313719
-0.0378975	0.511297
-0.00442081	0.504342
-0.199581	0.61288
-0.026062	0.57855
-0.178223	0.677677
-0.162001	0.603156
-0.29307	0.543457
-0.334224	0.458668
-0.411177	0.259259
-0.383531	0.044152
-0.133786	0.0437729
0.148177	-0.0132952
0.028222	0.0292567
-0.21774	0.133597
-0.452281	0.34603
-0.512354	0.307483
-0.304756	0.0899133
-0.217469	0.249426
-0.255159	0.356403
-0.43846	0.320044
-0.681959	0.241327
-0.528787	0.256509
-0.125719	0.387694
-0.396424	0.528876
-0.535616	0.471188
-0.414071	0.282196
-0.529987	0.479606
-0.369257	0.472906
-0.556607	0.155818
-0.641641	0.088839
-0.772771	0.144861
-0.896522	0.0655686
-0.922446	-0.25469
-0.838224	-0.216386
-0.686019	-0.292761
-0.665997	-0.286251
-0.670035	-0.353733
-0.862463	-0.281284
-0.847423	-0.239377
-0.872206	-0.229444
-0.940444	-0.385771
-0.866724	-0.157285
-0.843133	-0.283907
-0.747308	-0.212742
-0.824316	-0.233129
-1.01278	-0.172252
-1.13713	-0.333566
-1.33935	-0.27301
-1.06023	0.215113
-0.574914	0.220932
-0.8183	-0.0902419
-0.775948	-0.128527
-0.653335	-0.161336
-0.596692	-0.141271
-0.494865	-0.143298
-0.433245	-0.10402
-0.413227	-0.0748211
-0.415508	-0.0526718
-0.421242	-0.0379158
-0.452388	-0.0491853
-0.484975	-0.0561698
-0.460726	-0.0767183
-0.482279	-0.0777701
-0.453472	-0.0677175
-0.401699	-0.0335835
-0.354813	-0.0117229
-0.333542	0.0725224
-0.332879	0.234561
-0.457357	0.345279
-0.442637	0.370307
-0.423269	0.315384
-0.406936	0.134656
-0.547393	0.14347
-0.682368	0.28199
-0.605674	0.332514
-0.539362	0.372908
-0.442123	0.323835
-0.331384	0.232738
-0.32133	0.233952
-0.307373	0.239643
-0.258255	0.199774
-0.206305	0.268651
0.0490974	0.116071
0.131844	0.386766
0.0509205	0.36665
0.123298	0.0983157
0.141924	0.0469431
-0.0253146	-0.0380677
-0.44691	0.125801
-0.430516	0.127905
-0.426967	0.136089
-0.361209	0.114431
-0.290233	0.173958
-0.155977	0.232728
0.04126	0.33257
-0.0100576	0.30745
-0.251328	0.460801
-0.251694	0.233196
-0.406744	-0.024257
-0.443755	-0.0340627
-0.506288	-0.121211
-0.67669	-0.154026
-0.544454	-0.06859
-0.590714	-0.0423508
-0.649061	-0.0431188
-0.505467	-0.0114706
-0.598553	-0.114263
-0.245997	0.330742
-0.249871	-0.0205868
-0.384807	-0.101752
-0.44231	-0.147121
-0.494345	-0.152607
-0.550772	-0.158017
-0.602517	-0.175689
-0.528956	-0.203566
-0.491819	-0.197308
-0.356122	-0.155421
-0.238779	-0.0690873
-0.110325	-0.00317132
0.113829	0.101127
0.230936	0.209599
0.29852	0.482142
0.437606	0.544139
0.381573	0.582436
0.361097	0.585915
0.245216	0.519843
0.0289486	0.510347
-0.129363	0.472486
-0.352796	0.322304
-0.329792	0.181779
-0.48871	0.359861
-0.68288	0.564335
-0.766769	0.629002
-0.826718	0.727329
-0.79191	0.805947
-0.876923	0.839933
-0.802528	0.805366
-0.823014	0.785115
-0.991065	0.762629
-1.00912	0.645976
-0.874744	0.531916
-0.627303	0.398897
-0.472696	0.261241
-0.313795	0.220852
-0.0885008	0.169823
0.141639	0.215162
0.375463	0.230647
0.498595	0.16452
0.531593	0.0843031
0.425677	-0.0339412
0.360334	-0.196158
0.104401	-0.132626
-0.188809	-0.0278884
-0.445755	0.105419
-0.509773	0.100637
-0.440874	0.230915
-0.470566	0.302321
-0.439787	0.309749
-0.374287	0.313174
-0.441291	0.38268
-0.506603	0.399964
-0.460362	0.5042
-0.313747	0.422957
-0.300925	0.541108
-0.232447	0.513121
-0.395097	0.446484
-0.477081	0.304929
-0.520307	0.2011
-0.554359	0.00570186
-0.607839	-0.0234176
-0.476813	-0.112576
-0.610556	-0.100446
-0.567025	-0.00984263
-0.717387	-0.0940166
-0.70532	-0.244519
-1.03091	-0.2893
-0.810582	-0.106524
-0.793344	-0.278712
-0.994222	-0.212084
-0.810189	-0.211616
-0.822376	-0.23527
-0.734066	-0.461106
-0.838264	-0.189327
-0.890251	-0.34588
-0.663901	-0.345272
-0.945167	-0.440024
-0.919503	-0.308525
-0.705523	-0.239023
-0.176672	0.193091
-0.0916987	0.356609
-0.176699	0.369588
-0.227317	0.207549
-0.0506756	0.00652207
0.154095	0.383128
0.0818615	0.440542
0.0320505	0.465825
-0.00387887	0.362493
-0.0852071	0.312116
-0.167409	0.319756
-0.338408	0.353334
-0.598693	0.363825
-0.90812	0.215987
-0.945649	0.110642
-0.652038	0.374755
-0.484388	0.409184
-0.496335	0.459329
-0.454736	0.447157
-0.626172	0.574118
-0.520071	0.593542
-0.310411	0.457043
-1.39428	0.288877
-1.20647	0.431839
-0.998912	0.389043
-0.986111	0.310889
-0.716454	0.172115
-0.85948	0.312123
-0.781986	0.39797
-0.635716	0.323112
-0.449179	0.181528
-0.494202	0.199991
-0.41578	0.0426728
-0.303557	-0.0352555
-0.339027	-0.0694607
-0.356221	-0.0940937
-0.29471	-0.110742
-0.100682	-0.090646
0.0680715	-0.119196
-0.0755117	0.11013
-0.243241	0.282153
-0.26188	0.281379
-0.182728	0.316766
-0.25757	0.307104
-0.356025	0.443979
-0.426483	0.348119
-0.441223	0.136725
-0.469758	0.0677445
-0.306239	-0.0117901
-0.273306	0.0799934
-0.135359	0.0689901
-0.0912155	0.13175
-0.0427371	0.123975
0.00818886	0.157625
-0.0766376	0.230013
-0.223776	0.314615
-0.147707	0.232125
-0.35273	0.24285
-0.187673	0.303262
-0.0929758	0.0444213
-0.131295	0.00745937
-0.175838	-0.0984013
-0.588924	0.0710211
-0.595482	0.0127409
-0.584872	0.418944
-0.598736	0.0427499
-0.653855	-0.104113
-0.776169	-0.0513857
-0.682735	-0.184134
-0.567499	0.090346
-0.415818	-0.196401
-0.698771	-0.176126
-1.14515	0.0857019
-0.945223	0.0959673
-0.765675	0.486518
-0.895599	0.351428
-0.802959	0.297444
-0.848613	0.246834
-0.859665	0.212802
-0.847058	0.147309
-0.754762	0.00684957
-0.745037	-0.0174417
-0.582039	0.164031
-0.646702	0.0146594
-0.905592	-0.362254
-1.04799	-0.648103
-0.496807	-0.149296
-0.92917	-0.068426
-0.897589	0.0711438
-0.957597	0.174544
-0.933409	0.323181
-0.783083	0.234013
-0.629465	0.10254
-0.608459	0.122526
-0.58909	0.185109
-0.491147	0.280582
-0.420445	0.374689
-0.284678	0.526571
-0.19389	0.63509
-0.134794	0.696298
-0.132282	0.700924
-0.135625	0.679928
-0.213466	0.639618
-0.315039	0.596243
-0.414267	0.498179
-0.541462	0.286895
-0.561571	0.131867
-0.596938	0.0313017
-0.629274	0.00203494
-0.626745	-0.0289112
-0.609144	-0.0734072
-0.373759	0.112993
-0.402717	0.120616
-0.344145	0.0719591
-0.389588	0.0904006
-0.373867	0.0597723
-0.339638	0.149521
-0.358641	0.281027
-0.24352	0.355517
-0.0657309	0.456872
-0.230975	0.309223
-0.21003	0.226955
-0.445562	0.00519093
-1.0578	-0.50527
-1.02703	-0.515613
-0.835517	0.184649
-0.850258	0.18756
-0.920231	0.167725
-0.834779	0.213062
-0.666534	0.277928
-0.425463	0.313352
-0.0993785	0.404046
-0.088024	0.445262
0.096655	0.331376
0.12284	0.539047
0.0842243	0.442937
0.241909	0.425447
-0.00784813	0.370161
-0.363155	0.530986
-0.365022	0.348494
-0.553465	0.269732
-0.677227	0.203334
-0.684899	0.150355
-0.673255	0.129775
-0.744133	0.1754
-0.801503	0.147021
-0.601575	0.175554
-0.61325	0.24035
-0.661458	0.237799
-0.727867	0.431224
-0.384371	0.492566
-0.273802	0.493683
-0.361621	0.543175
-0.285568	0.452618
-0.287183	-0.0232392
-0.606144	0.0303126
-0.685269	-0.0844624
-0.539542	-0.0303559
-0.482621	-0.197237
-0.111824	-0.230554
-0.399831	-0.15213
-0.518387	-0.141949
-0.602718	-0.144281
-0.702114	-0.082844
-0.807066	0.0173656
-0.713667	-0.000291476
-0.583749	0.0527264
-0.679524	0.184199
-0.648281	0.35838
-0.748548	0.373129
-0.473345	0.208477
-0.41256	0.31672
-0.377102	0.123558
-0.321787	0.205463
-0.356837	0.16856
-0.760011	-0.00228063
-1.25656	-0.724337
-1.02213	-0.0924813
-0.650767	-0.224221
-0.808491	-0.29255
-0.817753	-0.28857
-0.759912	-0.245741
-0.700172	-0.188857
-0.618252	-0.168217
-0.45633	-0.127834
-0.247696	-0.0603307
-0.028928	-0.0490449
0.0173054	0.0870483
0.0294608	-0.00311185
0.0263232	0.0954447
-0.0442524	0.164045
-0.029623	0.204688
-0.0796644	0.302445
-0.0738733	0.224633
-0.494489	0.307356
-0.526837	0.3566
-0.347911	0.385624
-0.118237	0.213915
-0.286544	0.38841
-0.0600767	0.278113
-0.269854	0.268026
-0.794981	0.486688
-1.13126	0.214622
-0.958292	0.30906
-0.697611	0.546115
-0.442537	0.321966
-0.352931	0.164193
-0.351835	-0.00645289
-0.561884	0.0217235
-0.636429	0.109283
-0.567272	0.227691
-0.397488	0.259163
-0.423951	0.429999
-0.724086	0.666109
-0.703277	0.630439
-0.668202	0.58373
-0.546887	0.480175
-0.453669	0.305617
-0.583702	0.386536
-0.587614	-0.190552
-0.702822	-0.154633
-0.840344	-0.376585
-0.849513	-0.712571
-0.516951	-0.35067
-0.960668	0.254394
-0.722711	0.572668
-0.45973	0.674612
-0.39232	0.456866
-0.16858	0.15281
-0.251929	0.30423
-0.113816	0.315327
-0.193223	0.579576
-0.10444	0.23743
-0.172766	0.1465
-0.181536	0.122614
-0.105645	0.109208
-0.0846011	0.0781578
-0.322429	0.0583137
-0.248224	0.156541
-0.0830592	0.279111
-0.179423	0.123771
-0.253307	0.201116
-0.437361	0.177945
-0.401501	0.104989
-0.659995	-0.119172
-0.689376	-0.0767609
-0.762678	-0.0384118
-0.84424	-0.219913
-0.909676	-0.135884
-0.778344	-0.212827
-0.807932	-0.164723
-0.833268	-0.00155722
-0.707509	-0.148173
-0.795347	-0.330123
-0.817444	-0.244461
-0.726503	-0.385981
-0.824507	-0.213975
-0.934871	-0.35395
-0.769742	-0.320859
0.00353877	0.160277
0.373673	0.318991
0.264637	0.34793
0.310741	0.382098
0.101089	0.392655
-0.275739	0.45092
-0.317312	0.0980084
0.0569918	-0.031166
-0.102748	0.0900364
-0.105631	0.209165
-0.619332	0.534106
-1.39862	0.381186
-1.01674	0.294592
-0.617578	0.288551
-0.683694	0.150164
-0.56248	0.164935
-0.626916	0.0280321
-0.601023	-0.195384
-0.0276804	0.351285
-0.304096	0.328085
-0.294026	0.244541
-0.282361	0.261762
-0.247793	0.242464
-0.21954	0.293277
-0.0131625	0.334874
-0.0604466	0.533998
-0.19586	0.459357
-0.314628	0.255194
-0.673529	-0.0783383
-0.498926	-0.004772
-0.386573	0.0334709
-0.410728	0.0940256
-0.487496	0.173441
-0.320649	0.136684
-0.187816	0.248767
-0.387931	0.501726
-0.387227	0.482667
-0.337937	0.46155
-0.475984	0.668534
-0.618155	0.768771
-0.687754	0.635226
-0.617707	0.332764
-0.459367	0.0493792
-0.290372	-0.0358341
-0.0561092	-0.0121598
0.125509	0.0205316
0.258986	0.180519
0.289303	0.244034
-0.039367	0.157209
-0.154306	0.386068
-0.274036	0.277713
-0.189391	0.244539
-0.527427	0.177008
-0.690116	-0.045693
-0.685742	-0.204311
-0.216673	-0.0510725
-0.3071	-0.14145
-0.149945	-0.224027
-0.559336	-0.481031
-0.692588	0.0954298
-0.746674	0.330456
-0.592082	0.409783
-0.524888	0.422825
-0.554979	0.452039
-0.630999	0.472334
-0.59798	0.433342
-0.518798	0.351115
-0.548921	0.327135
-0.463793	0.281712
-0.295522	0.258816
-0.222943	0.288017
-0.0180242	0.193505
0.0146607	0.0840497
-0.102661	0.00693546
-0.248601	-0.140638
-0.310756	-0.160663
-0.373662	-0.152829
-0.398103	-0.1178
-0.4067	-0.15193
-0.423489	-0.0781608
-0.3782	-0.0427132
-0.304354	0.0622577
-0.224739	0.0769
-0.167291	-0.0523145
-0.127102	-0.0861945
-0.154702	-0.0225716
-0.226685	-0.0470765
-0.285641	-0.0743195
-0.319051	-0.0403746
-0.330886	-0.0544229
0.0267404	0.0153993
0.217434	0.357515
-0.193037	0.0830019
-0.458545	-0.0817921
-0.469132	-0.0614754
-0.541988	0.0123643
-0.741011	0.0295583
-0.720372	-0.0564493
-0.580875	-0.410913
-0.541841	-0.45008
-0.718919	-0.267237
-0.705838	0.0149249
-0.657501	-0.150547
-0.205455	-0.0297581
-0.508914	-0.0152833
-0.602185	-0.0484816
-0.762124	-0.13646
-0.96082	-0.0609499
-0.54351	-0.238781
-0.353763	0.0550076
-0.311379	0.331976
-0.0300546	0.265905
0.18451	-0.0704855
0.0653101	0.106699
-0.125093	0.102946
-0.416266	-0.139434
-0.579157	-0.0709916
-0.692747	-0.169811
-0.606616	-0.0915623
-0.160486	0.107826
-0.232578	0.621197
-0.737554	0.320626
-1.16554	0.177176
-0.46958	0.279942
-0.561431	0.177
-0.408952	0.300794
-0.00572814	0.385747
0.199195	0.544384
0.308227	0.442805
0.37078	0.347193
0.24013	0.391535
0.20363	0.265258
0.223448	0.175597
0.127388	0.211735
0.0635163	0.160444
0.0436065	0.166207
0.0074094	0.179644
0.0261827	0.179601
-0.0886549	0.204827
-0.236492	0.249935
-0.33018	0.205399
-0.604608	0.265796
-0.463839	0.0378014
-0.387547	0.0274646
-0.849365	0.445833
-0.804481	0.6058
-0.791349	0.678053
-0.831557	0.767368
-0.682648	0.788977
-0.693955	0.69598
-0.420334	0.511916
-0.302851	0.129327
-0.344612	0.133491
-0.442713	0.077641
-0.418439	-0.0677293
-0.310685	-0.114373
-0.233332	-0.0338325
-0.226107	-0.010781
-0.219532	-0.0299841
-0.156139	-0.0234798
-0.0842688	-0.0287434
-0.0739369	-0.0966248
-0.034251	-0.0531519
0.0415019	-0.201921
0.112939	-0.205812
-0.287844	-0.210967
-0.547351	-0.0626825
-0.532059	0.0765726
-0.606924	0.0636132
-0.698432	-0.153164
-0.454698	-0.190504
-0.511618	-0.322338
-0.562279	-0.051105
-0.485514	-0.337871
-0.54158	-0.0950429
-0.569328	-0.36405
-0.669394	-0.419062
-0.802811	-0.330314
-0.792784	-0.227968
-0.731684	-0.298121
-0.891929	-0.286119
-0.790275	-0.256543
-0.845265	-0.201314
-0.612376	-0.245051
-0.728947	-0.155791
-0.575512	-0.0894989
-0.90093	-0.225813
-0.987754	0.0108376
-0.640325	-0.0810268
-0.601626	0.168337
-0.705124	0.108691
-0.740355	0.0533224
-1.04549	0.0743512
-0.917244	0.260681
-0.393302	0.569144
-0.461474	0.698393
-0.388793	0.724259
-0.424568	0.738148
-0.135438	0.626373
-0.176758	0.527004
-0.173769	0.635194
-0.246603	0.640766
-0.304228	0.717579
-0.23989	0.727679
-0.272095	0.720952
0.113356	0.253087
0.362846	0.159574
0.277556	0.289
0.145809	0.246459
-0.153111	0.326799
0.0430197	0.228243
-0.0920691	0.0649287
-0.336241	-0.00656491
-0.430232	0.0194545
-0.486016	0.0373917
-0.561441	0.043178
-0.594629	0.123172
-0.457026	0.0847567
-0.509144	0.0732094
-0.588122	0.136131
-0.743718	0.317629
-0.731543	0.473204
-0.732143	0.615651
-0.641756	0.754399
-0.477987	0.855348
-0.239313	0.869657
-0.0364785	0.846335
0.144449	0.771422
0.204399	0.843873
-0.0463456	0.597775
-0.100314	0.483082
-0.202025	0.631467
-0.19948	0.550401
0.00393754	0.603989
-0.117956	0.528976
-0.357863	0.348013
-0.244836	-0.105238
0.146889	-0.0375731
-0.00512837	0.281917
-0.106278	0.324131
-0.346258	0.21234
-0.388924	0.0514333
-0.478724	-0.0691236
-0.414089	-0.182566
-0.405234	-0.204912
-0.397885	-0.201363
-0.300413	-0.175736
-0.174387	-0.142584
-0.0944165	-0.0352553
-0.510944	0.298443
-0.625359	0.328484
-0.556203	0.298805
-0.626599	0.409386
-0.611379	0.496318
-0.535622	0.464113
-0.49166	0.477287
-0.412049	0.449677
0.0486938	0.315882
0.0600084	0.186622
-0.0105124	-0.317286
0.0894313	0.0341322
0.0358814	0.139414
-0.110411	0.285916
-0.151946	-0.0349658
0.157984	0.183598
0.105436	0.143189
-0.205935	0.116547
-0.314675	0.115524
-0.321422	0.0174719
-0.25387	-0.0458993
-0.196059	-0.0504299
-0.157439	-0.0127904
-0.229613	0.0355305
-0.218128	0.112357
-0.192793	0.0081597
-0.0303199	-0.109376
-0.134285	-0.0109928
-0.24305	0.00703864
-0.410213	-0.0316921
-0.584675	-0.109734
-0.65857	-0.0854444
-0.748982	-0.0284096
-0.762687	0.0896523
-0.62643	0.179624
-0.315527	0.173847
-0.129034	0.328969
-0.143987	0.253147
-0.279699	0.297038
-0.170131	0.145236
-0.265698	0.0517578
-0.329268	-0.0499639
-0.16994	-0.0099088
-0.122938	0.253248
-0.0531795	0.311806
-0.0594743	0.324074
-0.314644	0.378952
-0.186839	0.330346
-0.2637	0.272377
-0.270523	0.164887
-0.24133	0.0235601
-0.202929	-0.118584
-0.213323	-0.208979
-0.340112	-0.222259
-0.414398	-0.151235
-0.359873	-0.178122
-0.489883	0.342499
-0.656209	0.50179
-0.600825	0.610931
-0.513234	0.577078
-0.481506	0.642696
-0.404536	0.614261
-0.395855	0.706637
-0.672722	0.503949
-0.43908	0.529545
-0.313172	0.46577
-0.262744	0.389313
0.272811	0.272103
0.684637	0.0479484
0.947484	0.118935
0.729018	0.169476
0.649841	0.0999248
0.489173	-0.075456
0.283446	-0.0438309
0.163442	-0.325263
-0.133888	-0.306624
-0.28677	-0.31169
-0.382104	-0.330519
-0.519875	-0.310313
-0.575011	-0.27577
-0.641138	-0.12816
-0.521957	0.0403096
-0.213194	0.160952
0.035083	0.0915013
0.220414	0.0213722
0.170211	-0.0135252
-0.0531066	0.286174
0.170181	0.359648
0.160742	0.212576
0.0435611	0.350876
0.107958	0.13243
-0.685227	-0.280859
-0.825548	-0.204061
-0.439972	0.180854
-0.0796299	0.000737481
-0.0115618	0.0356933
-0.0420482	0.250541
0.150018	0.221376
0.153886	0.216274
0.195372	0.343981
0.523305	0.195731
0.306123	-0.273228
0.0873868	-0.413703
-0.0243944	-0.402927
-0.175976	-0.359549
-0.216667	-0.35067
-0.317088	-0.304516
-0.418927	-0.261456
-0.497767	-0.129866
-0.560022	-0.00532496
-0.576646	0.168123
-0.518302	0.0935444
-0.411088	0.237138
-0.272708	0.495283
0.121162	-0.0938263
-0.121642	-0.171083
-0.0338134	-0.138468
0.00184023	0.142979
0.236729	0.0783219
0.407434	0.0555449
0.255544	0.0820826
0.232528	0.246688
0.0548339	0.342124
0.0838365	0.0378922
-0.0363334	-0.0374059
0.0937212	0.143888
-0.117903	0.0435521
0.0158395	0.0331179
0.167183	0.351565
0.200088	0.262876
0.093636	0.336058
0.129302	0.312888
0.140747	0.280698
0.144062	0.180185
0.130579	0.170043
0.0144043	0.270744
-0.216456	0.380394
-0.364086	0.648769
-0.272366	0.557558
-0.366923	0.607507
-0.369648	0.5336
-0.302646	0.427413
-0.306513	0.397828
-0.418375	0.445103
-0.379499	0.372164
-0.401254	0.38751
-0.156264	0.321743
-0.598192	0.193445
-0.96301	0.4249
-0.629086	0.578305
-0.5384	0.622844
-0.320907	0.555873
-0.0209669	0.384384
0.0578498	0.0294002
0.00672606	-0.162421
0.0126657	-0.236909
-0.0327805	-0.150418
-0.00101903	-0.0964803
0.067138	-0.0731737
0.0615974	-0.00636574
0.0890805	0.0100643
0.172601	0.130303
0.258197	0.214847
0.42599	0.234453
0.382251	0.145648
0.243659	0.361224
0.0546041	0.345759
-0.0210955	0.330479
-0.0877351	0.355452
-0.0986977	0.351118
-0.00195467	0.328629
0.0987376	0.0131168
0.122542	-0.0602639
-0.0583777	-0.167686
-0.252709	-0.181847
-0.408517	-0.135183
-0.652564	-0.000973775
-0.856967	0.106015
-0.766624	0.131466
-0.586271	0.145353
-0.609598	-0.00151366
-0.787974	-0.141095
-0.861101	-0.148728
-0.939202	-0.149199
-0.972432	-0.147561
-0.974917	-0.138411
-0.905674	-0.128511
-0.708401	-0.175259
-0.202821	0.0435421
-0.160422	0.21993
-0.136418	0.270534
-0.00175427	0.30263
0.182164	0.229742
-0.150713	0.136201
0.0636524	0.208559
0.0334726	0.175994
0.0530346	0.192051
0.0396879	0.0893588
-0.60083	0.0708421
-0.458558	0.00641494
-0.565937	0.0888985
-0.571541	0.145618
-0.575483	0.212639
-0.544818	0.318559
-0.464895	0.375929
-0.390816	0.433062
-0.311002	0.51731
-0.200024	0.533299
-0.246508	0.542876
-0.336259	0.621783
-0.235743	0.526678
-0.225597	0.576401
-0.0832851	0.576818
-0.0766945	0.407343
-0.00503914	0.457654
-0.12229	0.491293
-0.057469	0.265239
-0.104955	0.271065
-0.404002	0.240343
-0.666014	-0.0264176
-0.488075	-0.122371
-0.259007	-0.135915
-0.445388	0.115919
-0.44348	0.0904403
-0.292122	-0.0715418
-0.173642	-0.150996
-0.413637	0.0506956
-0.39248	0.0855034
-0.266027	0.0152572
-0.221202	0.0531613
0.0960225	-0.014633
-0.331409	0.272059
-0.223737	0.367955
-0.279738	0.422621
-0.237327	0.415855
-0.4115	0.497182
-0.438138	0.382178
-0.374698	0.290913
-0.189717	0.308113
-0.17063	0.335049
-0.0532057	0.245442
-0.096516	0.136454
-0.197204	0.275823
-0.0175695	0.221623
0.153968	0.0721006
0.486037	-0.0702667
-0.650843	-0.202714
-0.701537	-0.454648
-0.89432	-0.126708
-0.645266	-0.354032
-0.871378	-0.267534
-1.02823	-0.218748
-0.735914	-0.175974
-0.616662	-0.149313
-0.241903	0.374323
0.00729285	0.730641
0.11697	0.772489
0.0872959	0.831443
-0.0188317	0.849768
-0.035169	0.720442
-0.149961	0.654262
-0.205713	0.483142
-0.235998	0.399381
-0.343251	0.416597
-0.329104	0.482795
-0.384737	0.586568
-0.289392	0.607279
-0.0719335	0.658828
0.0233846	0.665167
0.0965764	0.601257
0.27455	0.487451
0.282079	0.14735
0.136344	0.210262
-0.00194703	0.310313
0.0248788	0.618465
-0.132606	0.556247
-0.302485	0.610325
-0.401212	0.569866
-0.524956	0.555141
-0.587877	0.542276
-0.64232	0.543518
-0.594397	0.494576
-0.432625	0.404919
-0.288024	0.362238
-0.540403	0.703239
-0.613042	0.703949
-0.633156	0.594785
-0.682819	0.543379
-0.683322	0.544951
-0.602889	0.534612
-0.413741	0.429028
-0.21968	0.375947
-0.0554764	0.448166
-1.11001	-0.349945
-0.910859	-0.350339
-0.642279	-0.337608
-0.522359	-0.402014
-0.441151	-0.420214
-0.354012	-0.406486
-0.16111	-0.314054
-0.0758348	-0.021551
-0.0102867	0.173888
-0.0340699	0.272061
-0.269705	0.45168
-0.579289	0.566669
-0.589259	0.427138
-0.408267	0.380682
-0.610578	0.110268
-0.660517	0.0838232
-0.583394	0.154048
-0.523704	0.0719908
-0.853739	-0.104947
-1.02969	-0.0987751
-0.985749	0.0254946
-1.08491	-0.128439
-0.651842	0.208769
-0.765313	0.515069
-0.715594	0.641784
-0.598823	0.67169
-0.532085	0.684877
-0.307752	0.382262
-0.0303355	0.0515215
-0.220081	0.0144161
-0.23959	-0.138639
-0.250893	-0.1888
-0.191041	-0.292598
-0.11611	-0.326943
-0.0310351	-0.350635
0.0046628	-0.279318
0.154426	-0.301296
0.246624	-0.255497
0.308083	-0.220113
0.291577	-0.141316
0.149127	1.86711e-05
0.0801852	0.161697
-0.0093272	0.106602
-0.256586	0.24551
-0.194095	0.217549
-0.217757	0.293217
-0.141459	0.249575
-0.0442358	0.0916187
-0.0305202	0.2203
0.0752753	0.13147
-0.0633758	0.250304
-0.141523	0.32018
-0.0661119	0.353618
0.0296	0.25866
-0.0260517	0.125907
-0.153536	0.189576
-0.0842585	0.0943324
-0.0839461	0.0312071
-0.112697	0.112839
-0.318565	0.215713
-0.452286	0.212953
-0.452679	0.17962
-0.398378	0.186387
-0.318367	0.14107
-0.293165	0.117272
-0.362887	0.173567
-0.337774	0.193725
-0.195708	0.163145
0.0178436	0.164476
-0.13538	-0.0831461
-0.309221	0.0733194
-0.215587	-0.0948188
-0.340393	-0.176573
-0.559721	-0.0463034
-0.247451	-0.034391
-0.519685	-0.150932
-0.579003	-0.258119
-0.538761	-0.0927203
-0.54721	-0.263627
-0.3727	-0.0038813
-0.0833336	0.149082
-0.265717	0.01938
-0.189875	-0.0247265
-0.177972	-0.0509127
-0.0839889	-0.103882
0.0573784	0.00589065
0.149833	0.108592
0.235731	0.0283863
0.275589	0.0474409
0.317502	0.052592
-0.0484064	0.612609
-0.339475	0.564585
-0.559327	0.0489378
-0.501343	-0.00962313
-0.370281	-0.202333
0.031929	-0.16644
0.00409308	-0.285476
0.0547024	-0.17688
-0.20923	-0.463908
-0.298307	-0.288868
-0.269199	-0.0428963
-0.253732	0.097068
-0.191522	0.0150941
-0.366165	-0.0486719
-0.494578	-0.117027
-0.509787	-0.129267
-0.369603	-0.104992
-0.0650671	-0.043491
0.0375975	0.311371
0.115009	0.310597
0.306133	0.271102
0.408654	0.33512
0.376964	0.385104
0.382743	0.40347
0.386699	0.337342
0.401634	0.341826
0.404994	0.348777
0.347273	0.325424
0.310516	0.24883
0.287649	0.253765
0.146192	0.250974
0.112415	0.268677
0.129656	0.204689
0.206782	0.110697
0.198997	0.0988989
0.0371967	0.0736436
0.0204003	0.0647655
-0.0368737	0.0600592
-0.191684	0.134347
-0.312024	0.18117
-0.33865	0.238434
-0.365172	0.37627
-0.396983	0.598939
-0.432752	0.54804
-0.546049	0.670173
-0.589637	0.755701
-0.632626	0.729609
-0.50732	0.7369
-0.481605	0.787505
-0.497409	0.77409
-0.444816	0.650748
-0.628347	0.353058
-0.708217	0.353987
-0.801667	-0.162799
-0.616021	-0.204952
-0.731317	-0.22898
-0.852396	-0.498209
-0.82414	-0.48819
-1.01394	-0.21902
-0.963834	-0.285747
-0.833764	-0.255388
-0.89456	-0.3296
-1.03043	-0.134576
-1.0489	-0.0939447
-1.02701	-0.102753
-0.834359	-0.349476
-0.847807	-0.421862
-0.765988	-0.216225
-0.786782	-0.327556
-0.889855	-0.223343
-0.559693	-0.137834
-0.780267	-0.249982
-0.386682	-0.191194
-0.691733	-0.178811
-0.965314	-0.21234
-0.867594	-0.344819
-0.857421	-0.278431
-0.820769	-0.227147
-0.652139	-0.218722
-0.0294136	0.0936349
0.339331	0.0324917
0.292526	0.0515929
0.273044	0.105808
0.201274	0.00606502
0.0381111	0.12108
-0.135615	0.0225023
-0.18163	-0.0184316
-0.277263	-0.0361151
-0.292886	-0.0752787
-0.155142	-0.0634882
-0.0156047	0.116318
-0.0924702	-0.0245438
0.0241362	0.015668
-0.0838238	-0.250024
-0.123977	-0.192435
-0.267225	-0.232173
-0.217583	-0.0737342
-0.344874	0.128294
-0.114767	-0.0512421
-0.452726	-0.0111036
-0.560855	-0.232191
-0.423274	-0.236314
-0.478043	-0.1119
-0.523146	-0.200143
-0.157116	0.070477
-0.346816	0.00294596
-0.411516	-0.0870501
-0.474545	-0.160954
-0.442987	-0.237548
-0.412635	-0.252393
-0.388066	-0.178279
-0.324375	0.0884829
-0.166417	0.365509
-0.0249616	0.546082
0.0373747	0.572862
-0.184669	0.482815
-0.230111	0.518212
-0.11429	0.499246
-0.164737	0.633066
-0.251045	0.591925
-0.146019	0.582035
-0.1342	0.679932
-0.28149	0.189865
-0.319186	0.104542
-0.30315	-0.0192863
-0.31028	-0.0868831
-0.271871	-0.0578674
-0.231458	-0.041523
-0.10746	-0.0607509
0.0510138	0.266449
-0.00713343	0.0305624
-0.0490364	0.035795
-0.308283	-0.109457
-0.38414	-0.198567
-0.638046	-0.115116
-0.904919	0.017425
-0.911536	0.0142379
-0.817676	0.374841
-0.808438	0.656673
-0.654474	0.900328
-0.397835	0.850627
-0.477134	0.880766
-0.563626	0.805564
0.00697642	0.420901
-0.251458	0.372323
-0.353014	0.260284
-0.426782	0.122398
-0.500003	-0.071878
-0.497104	-0.161169
-0.486771	-0.336812
-0.539358	-0.355467
-0.546207	-0.346903
-0.497634	-0.294251
-0.488531	-0.174761
-0.462198	-0.0528796
-0.435488	0.104549
-0.430534	0.348334
-0.259548	0.517894
-0.136198	0.36347
-0.1903	0.463245
0.0282075	0.370611
-0.154492	0.448682
-0.0905964	0.518036
-0.201764	0.67106
-0.119339	0.645936
-0.252397	0.579576
-0.302014	0.437566
-0.402021	0.293975
-0.42562	0.147987
-0.445475	0.152074
-0.447936	0.116769
-0.436163	0.090551
-0.375325	0.066165
-0.14138	0.0417326
-0.0290525	0.36031
0.0191989	0.411669
-0.0516328	0.198272
-0.0808724	0.0622417
-0.150799	-0.197613
-0.327855	-0.121754
-0.290543	-0.253753
-0.412255	-0.362171
-0.419362	-0.159405
-0.54383	-0.191102
-0.527167	-0.220636
-0.457272	-0.0512599
-0.249085	-0.0272576
-0.312586	-0.0975753
0.122138	0.144151
0.0286106	0.350371
0.0908472	0.350543
0.141757	0.328498
0.325502	0.250062
0.464877	0.190405
0.561032	0.185851
0.20943	0.386411
0.243841	0.264463
0.163928	0.112634
-0.0382428	0.0973864
-0.134261	-0.0866838
-0.281262	-0.160138
0.139304	0.0620809
0.0542288	-0.000887439
-0.0765682	0.0657662
-0.118036	0.101834
-0.195175	0.307567
-0.373212	0.415696
-0.403526	0.403281
-0.446272	0.338392
-0.601432	0.302672
-0.499148	0.267284
-0.41018	0.317373
-0.354473	0.374873
-0.324062	0.146656
-0.350251	0.206051
-0.471029	0.2587
-0.62659	0.334476
-0.723866	0.364468
-0.684026	0.373331
-0.673698	0.389148
-0.564367	0.368127
-0.459157	0.394272
-0.316517	0.439765
-0.26489	0.197843
-0.291251	0.210043
-0.403293	0.292336
-0.545303	0.21603
-0.321077	0.0836883
-0.226414	0.123287
-0.124058	0.193131
-0.053377	0.233824
0.0230086	0.167548
0.256831	0.18224
0.177712	0.22601
0.277194	0.158973
0.132331	0.212389
0.153002	-0.0290667
-0.0608183	-0.164753
-0.360595	-0.152498
-0.502781	-0.254287
-0.548291	-0.225903
-0.53507	-0.182939
-0.541934	-0.10451
-0.502922	-0.0581697
-0.559857	-0.0450385
-0.537674	-0.0312697
-0.556309	0.0504787
-0.702462	0.220316
-0.847648	0.316263
-0.783993	0.302282
-0.862688	0.330664
-0.756639	0.140479
-0.725696	0.336032
-0.815063	0.155517
-0.12348	-0.0491169
-0.168051	0.194243
-0.0584686	0.223777
-0.499098	-0.130987
-0.607244	0.0637965
-0.760091	-0.0608518
-0.699082	-0.00946261
-0.625426	-0.0969772
-0.750167	-0.186914
-0.75145	-0.245622
-0.710831	-0.121537
-0.881512	-0.106403
-0.876468	-0.103708
-0.831282	-0.426954
-0.408889	-0.142741
-0.742168	-0.339089
-0.836521	-0.332136
-0.868358	-0.34113
-0.912396	-0.246067
-0.749625	-0.347477
-0.887685	-0.373065
-0.836256	-0.157356
-0.415727	-0.097819
-0.425312	-0.0683307
-0.167643	0.0238474
-0.350392	-0.0918264
-0.418725	-0.15773
-0.466086	-0.12281
-0.450251	-0.0742809
-0.447969	-0.0145961
-0.299937	0.00617423
-0.127658	0.21409
-0.369459	0.226028
-0.405047	0.330158
-0.337304	0.109604
-0.407243	-0.0320503
-0.477466	-0.0662788
-0.536088	-0.0336242
-0.59794	0.020256
-0.580509	0.0128063
-0.567986	0.0331026
-0.476994	0.0638611
-0.447044	0.094712
-0.493336	0.146448
-0.512922	0.231593
-0.595398	0.337973
-0.63106	0.537824
-0.517733	0.644838
-0.410213	0.815845
-0.221407	0.769387
-0.219703	0.803006
-0.231732	0.733065
-0.291799	0.669772
-0.40741	0.612395
-0.501748	0.527309
-0.519578	0.300235
-0.613776	0.113868
-0.654256	-0.0469915
-0.682739	-0.112355
-0.714272	-0.100879
-0.701527	-0.0767504
-0.692191	0.0313436
-0.259271	-0.0448161
0.205118	-0.455583
-0.216383	-0.0432133
-0.532718	-0.0868832
-0.737949	-0.078986
-0.649971	-0.0549715
-0.755755	0.0285708
-0.694884	-0.0809484
-0.969487	-0.158714
-0.83452	-0.417121
-0.5622	-0.589515
-0.593244	-0.144898
-0.589342	-0.122545
-0.688095	-0.237379
-0.214152	-0.572719
-0.0980931	-0.581838
0.263414	-0.130412
0.04972	-0.00350837
0.095652	-0.0230646
0.0755322	0.0919862
-0.285798	0.206657
-0.481796	0.292521
-0.438245	0.315991
-0.526482	0.332986
-0.529576	0.516169
-0.416375	0.613483
-0.0852583	0.522151
-0.493454	0.357714
-0.616453	0.426265
-0.462828	0.162476
-0.163497	-0.0539644
-0.303184	0.0335525
-0.278356	-0.115732
-0.373616	-0.172183
-0.433464	0.0591009
-0.597217	-0.00127679
-0.642315	0.0280842
-0.313954	0.494386
-0.411271	0.591768
-0.457811	0.675281
-0.403342	0.676613
-0.396045	0.679397
-0.397067	0.699728
-0.366463	0.678978
-0.31295	0.652426
-0.297773	0.653441
-0.323379	0.682803
-0.31496	0.720977
-0.366507	0.737219
-0.484878	0.756533
-0.501042	0.516936
-0.45339	0.266052
-0.172757	0.18842
0.0801817	0.44928
0.00233943	0.467868
-0.0929645	0.381943
-0.300359	0.336125
-0.491171	0.349728
-0.43528	0.202183
-0.315704	0.0320198
-0.0922919	0.136421
0.427474	0.265715
0.299731	0.384061
0.0486285	0.454826
-0.214703	0.47541
-0.233396	0.427898
-0.652312	0.197978
-0.904567	0.106811
-0.839102	0.0236447
-0.639421	0.069637
-0.480169	0.153708
-0.323589	-0.274578
-0.256623	-0.00651538
-0.33839	0.0197752
-0.449287	-0.0716015
-0.720829	0.23155
-0.307234	0.593038
-0.400498	0.648474
-0.47791	0.720463
-0.519207	0.693146
-0.522684	0.626481
-0.445457	0.461109
-0.236927	0.319754
0.0277445	0.513141
-0.312704	0.478988
-0.37433	0.178394
-0.372675	0.133291
-0.621624	0.0380721
-0.628425	-0.0787021
-0.893396	0.0160396
-1.15205	-0.18256
-0.488669	0.283484
-0.39746	0.333964
-0.450404	0.499584
-0.41801	0.551458
-0.184843	0.513222
-0.355078	0.721473
-0.219317	0.432376
-0.094134	0.237612
-0.00715669	0.139633
-0.14083	0.100779
-0.239404	0.188666
-0.121547	0.115251
-0.110297	0.121805
0.00117326	0.153805
-0.107875	0.30482
-0.211208	0.251311
-0.769902	-0.279289
-0.764377	-0.380928
-0.852485	-0.324976
-0.640929	-0.446381
-0.738453	-0.401179
-0.855256	-0.400043
-0.715458	-0.571535
-0.412899	-0.371914
0.277411	0.0825354
0.414325	0.245789
0.523096	0.245518
0.534716	0.258398
0.489158	0.389997
0.275434	0.342662
0.248335	0.440925
-0.0278281	0.499579
-0.396843	0.545855
-0.363223	0.526974
-0.328869	0.525877
-0.400837	0.529236
-0.366378	0.535106
-0.279823	0.460726
-0.263002	0.421742
-0.0741376	0.497188
-0.0336647	0.530049
-0.117348	0.321291
-0.164503	0.129926
-0.373581	0.00786314
-0.324435	-0.0899125
-0.346062	-0.057945
-0.46462	0.027282
-0.119112	-0.0501347
-0.0550667	-0.137402
-0.147042	-0.239826
-0.260285	-0.331317
-0.360628	-0.373674
-0.362357	-0.402118
-0.381937	-0.416767
-0.456955	-0.317178
-0.64036	-0.109859
-0.701369	0.102893
-0.628426	0.17133
-0.799064	0.342086
-0.839303	0.0969965
-0.807146	0.115024
-0.847113	0.0606046
-0.660359	-0.0602001
-0.4638	-0.0482472
-0.612263	-0.0211359
-0.608108	0.00346538
-0.286917	0.282934
-0.502288	0.20569
-0.410502	0.263038
-0.429528	0.251908
-0.500898	0.347242
-0.470853	0.355105
-0.42811	0.245656
-0.402711	0.233987
-0.356217	0.175239
-0.0964369	-0.0947487
-0.293088	-0.0788391
-0.4529	-0.074742
-0.567425	-0.0552262
-0.588926	-0.0178676
-0.652032	0.060261
-0.724891	0.205408
-0.705193	0.313217
-0.638639	0.330349
-0.464953	0.430517
-0.352605	0.51672
-0.305622	0.706548
-0.175814	0.848745
-0.169149	0.859673
-0.224897	0.937262
-0.221392	0.939633
-0.255426	0.979861
-0.31328	0.912711
-0.408663	0.873352
-0.443981	0.762604
-0.499723	0.493523
-0.53718	0.284234
-0.494936	-0.0101087
-0.434869	-0.291495
-0.247513	-0.43328
-0.288246	-0.171398
-0.291904	0.231087
-0.379267	0.422975
-0.403845	0.50106
-0.501482	0.546661
-0.681682	0.473778
-0.269725	0.288477
-0.478324	0.199979
-0.370119	0.211275
-0.475401	0.01555
-0.640279	0.0886195
-0.788622	0.0214981
-0.487653	-0.0221559
-0.627386	-0.218374
-0.519217	0.0886703
-0.624526	0.0362146
-0.402118	-0.0566255
0.104564	0.368025
0.102842	0.421094
-0.119636	0.394464
-0.297873	0.245163
-0.634436	0.147957
-0.509327	0.26969
-0.363698	0.354236
-0.465743	0.374871
-0.531715	0.519739
-0.483316	0.506679
-0.393438	0.515095
-0.289753	0.494295
-1.0782	0.526021
-0.867808	0.279447
0.0106243	0.458277
0.0425164	0.315005
0.415939	0.110279
0.291376	0.0357427
0.272597	0.104365
0.156691	0.072057
0.09555	0.0464425
0.0420751	0.0286375
0.0270395	0.00755222
0.0241026	0.00872782
-0.0423184	0.0907906
-0.146202	0.322576
-0.36268	0.466324
-0.423723	0.445015
-0.540151	0.324469
-0.623005	0.188489
-0.386872	0.137118
-0.406338	0.355831
-0.359434	0.30245
-0.150124	0.13651
-0.168743	0.229824
-0.0652631	0.134622
-0.0515468	0.145797
0.212272	0.0347306
0.0634474	-0.0944591
-0.0390735	-0.169481
-0.0551958	-0.27103
-0.153661	-0.26269
-0.185064	-0.254594
-0.262536	-0.215089
-0.268627	-0.274099
-0.342553	-0.224673
-0.236505	-0.285811
-0.211364	-0.395029
-0.407899	-0.126834
-0.635074	0.296407
-0.532005	0.118026
-0.7198	0.238751
-0.665698	0.394378
-0.717634	0.323906
-0.675781	0.0989726
-1.06837	0.173563
-1.01223	0.241734
-0.974848	0.20207
-0.949933	0.221386
-0.897451	-0.0500077
-0.79318	-0.361018
-0.676548	-0.52703
-0.679355	-0.35788
-0.853893	-0.190437
-0.825733	-0.401929
-0.961509	-0.165304
-0.678236	-0.320151
-0.791837	-0.293603
-0.708383	-0.24008
-0.164003	0.22715
0.308138	0.695402
0.189835	0.854624
0.0514332	0.964555
-0.0999464	0.91538
-0.147137	0.879124
-0.214643	0.815228
-0.310699	0.701808
-0.373128	0.541442
-0.443779	0.430957
-0.454842	0.360719
-0.399055	0.267618
-0.383862	0.286762
-0.317805	0.395569
-0.318222	0.552544
-0.146109	0.664331
0.160494	0.567479
0.209047	0.564638
0.341439	0.537664
0.388164	0.409037
0.3068	0.3816
0.18279	0.46952
0.113985	0.371023
-0.316011	0.690584
-0.344833	0.661259
-0.406918	0.587829
-0.453918	0.563876
-0.468311	0.508963
-0.5469	0.523374
-0.504979	0.479908
-0.411884	0.407644
-0.232079	0.275136
-0.61894	0.558785
-0.807504	0.695115
-0.856424	0.667531
-0.77483	0.629367
-0.687701	0.610242
-0.704996	0.55425
-0.462515	0.407346
-0.317156	0.310996
-0.223192	0.409222
0.217455	0.421881
-0.215676	0.400794
-0.918455	-0.42738
-0.852323	-0.591524
-0.468377	-0.363032
-0.474508	-0.427757
-0.407954	-0.421863
-0.280796	-0.48648
-0.121083	-0.478441
-0.0273445	-0.377076
0.17159	-0.308264
0.338818	-0.274766
0.434545	-0.167117
0.467694	-0.0092702
0.503537	0.103378
0.477208	0.135607
0.24934	0.224349
-0.156527	0.0899895
-0.471373	-0.196454
-0.757767	-0.240089
-0.655756	-0.28705
-0.609275	-0.10585
-0.75778	-0.130774
-0.749105	-0.297565
-0.693696	-0.227841
-0.562689	-0.347378
-0.197492	-0.0806706
-0.0377544	-0.0389708
-0.062633	-0.130785
-0.129987	-0.163882
-0.13195	-0.223622
-0.12332	-0.238828
-0.146821	-0.188511
-0.121797	-0.186813
-0.0769137	-0.144003
-0.061337	-0.103179
0.0546667	-0.155217
0.147615	-0.0599617
0.0946862	0.00614674
-0.117916	0.105388
-0.180256	0.162824
-0.234106	0.0845721
-0.298992	0.0305099
-0.0571719	-0.0425811
0.234468	0.0392367
0.272651	0.00461231
0.151999	0.0224559
0.0205448	0.159021
-0.141661	0.406969
-0.311778	0.543883
-0.373491	0.508656
-0.39249	0.496641
-0.484113	0.451614
-0.436473	0.256559
-0.531907	0.243311
-0.358726	0.347328
0.180786	0.710744
0.2459	0.566167
0.42141	0.613387
0.397569	0.587829
0.375159	0.634405
0.40022	0.602932
0.297189	0.527363
0.18553	0.451036
0.170513	0.251983
0.338097	0.0420341
0.491223	0.0511227
0.308037	0.165606
0.179201	0.0954934
0.0150575	0.0820954
0.171713	0.0787248
0.0364134	0.00310509
-0.0462759	-0.110215
-0.0460398	-0.226191
-0.0388646	-0.30585
-0.0439746	-0.194002
-0.0689654	-0.0859001
-0.257952	0.155872
-0.178191	0.152857
-0.270279	0.264485
-0.230597	0.267048
-0.153207	0.171339
-0.21827	0.157781
-0.276043	0.318575
-0.311673	0.287033
-0.184623	0.179821
-0.0762262	0.2767
-0.561919	-0.0108799
-0.635366	0.248667
-0.486827	0.340116
-0.352913	0.296966
-0.329155	0.230869
-0.333227	-0.0155959
-0.328066	-0.23705
-0.260365	-0.351084
-0.229081	-0.352924
-0.293778	-0.33841
-0.183151	-0.40783
-0.140275	-0.400547
-0.243007	-0.281519
-0.292193	-0.314457
-0.215126	-0.322537
-0.0726275	-0.169902
0.0641278	-0.0460449
-0.00735316	-0.0421018
-0.0467497	0.193239
0.0411535	0.172411
-0.131138	0.124975
-0.0193473	0.0240576
-0.0323025	0.229036
-0.201888	0.341698
-0.213797	0.349682
-0.274069	0.379114
-0.0523289	0.134706
-0.228774	0.141852
-0.13981	0.28891
-0.111687	0.116117
-0.309059	0.00715914
-0.372516	0.00116395
-0.500712	-0.220353
-0.645659	0.0316794
-0.48123	0.027103
-0.632681	-0.0162882
-0.656698	-0.116284
-0.707119	-0.0237712
-0.984914	-0.188778
-0.90097	-0.151548
-0.960961	-0.137822
-1.0087	-0.256679
-0.863053	-0.295297
-0.729605	-0.3457
-0.842345	-0.323789
-0.775826	-0.297788
-0.940152	-0.268127
-0.815959	-0.451372
-0.733028	-0.0782247
0.0222972	0.28081
0.265469	0.470547
0.426458	0.467531
0.208361	0.482426
0.257517	0.416232
0.12159	0.417688
-0.0894033	0.369116
-0.365126	0.145281
-0.52775	0.173314
-0.85491	0.299619
-0.805872	0.204632
-0.809242	0.157693
-0.362522	-0.168863
-0.239686	-0.422643
-0.222237	-0.484212
-0.229854	-0.493279
-0.229144	-0.433834
-0.222038	-0.376837
-0.211489	-0.323023
-0.16197	-0.299201
-0.126377	-0.169167
-0.120167	-0.0663305
0.0871709	0.2172
-0.0710635	0.314801
-0.218082	0.459548
-0.109542	0.286611
-0.308172	0.177175
-0.261574	0.365116
-0.181652	0.292758
-0.193219	0.454141
-0.260691	0.310051
-0.192869	0.255017
-0.190471	0.235841
-0.282154	0.306129
-0.261592	0.348829
-0.261624	0.395225
-0.070328	0.292188
0.0172842	0.0294935
0.0422751	-0.092802
0.0305721	-0.0782263
0.0119743	-0.0245641
-0.0228604	0.0201315
-0.0614138	0.103636
-0.0314376	0.134461
-0.00576787	0.199501
0.0228788	0.183309
-0.0404542	0.221137
-0.0720031	0.231932
-0.138365	0.194999
-0.138313	0.0540109
-0.246441	0.0356712
-0.306993	0.0190985
-0.347286	0.0205618
-0.403663	0.140152
-0.478669	0.251738
-0.490189	0.268796
-0.559644	0.326722
-0.701666	0.285891
-0.688256	0.0829087
-0.30328	-0.178443
0.109948	-0.20532
0.204247	0.1971
0.206605	0.241344
0.395109	0.184931
0.538105	0.132953
0.477394	0.206334
0.398835	0.142379
0.269396	0.0654626
0.218928	0.0169014
0.14756	0.052548
0.132895	-0.044572
0.144397	-0.067314
0.202464	-0.0313529
0.242878	0.0941271
0.0832778	0.22537
-0.123716	0.029932
-0.137163	0.113959
-0.170755	0.159691
-0.0424443	0.159658
0.106876	0.205668
0.166713	0.238691
0.227194	0.302037
0.23253	0.30602
0.173542	0.353939
0.162584	0.255793
0.0784572	0.253896
0.00307099	0.15492
-0.108191	0.0927921
-0.19715	-0.0261622
-0.325041	-0.0723149
-0.433269	-0.0181958
-0.554657	0.153425
-0.744511	0.36315
-0.466229	0.214601
-0.611198	0.459215
-0.56252	0.54861
-0.467024	0.583333
-0.430329	0.638052
-0.48482	0.696372
-0.339888	0.778657
-0.449456	0.671171
-0.159147	0.549605
-0.258393	0.593197
-0.200692	0.491565
-0.155581	0.385918
-0.314215	0.439439
-0.544409	0.446499
-0.518213	0.398149
-0.287141	0.211944
-0.253591	0.157013
-0.13728	0.0255058
0.0335194	0.047978
0.203286	0.0263009
-0.0979834	0.198813
-0.588054	0.397216
-0.564878	0.456771
-0.582869	0.43205
-0.447722	0.336639
-0.493066	0.304137
-0.422506	0.147533
-0.459403	0.0755785
-0.61422	0.415401
-0.576581	0.784066
-0.453832	0.840418
-0.404815	0.784178
-0.486842	0.71301
-0.526453	0.547145
-0.478145	0.340403
-0.45592	0.271937
-0.391512	0.185972
-0.319388	0.112872
-0.275933	0.0859843
-0.33871	0.0130199
-0.383835	0.0139515
-0.409315	0.024481
-0.413965	0.0439548
-0.413035	0.0324833
-0.402631	0.0401533
-0.257479	0.0849275
-0.139373	0.136922
-0.159715	0.206052
-0.136688	0.0932878
-0.154896	0.161228
-0.122903	0.26044
-0.299333	0.372445
-0.243628	0.191807
-0.152026	-0.0434828
-0.0947816	-0.0237598
-0.526688	0.162191
-0.90084	0.188395
-0.0197433	0.167789
0.282665	0.0944356
0.401882	0.176055
0.427918	0.293209
0.0322541	0.297368
-0.00634535	0.438094
-0.0173503	0.36584
-0.130056	0.323472
-0.340673	0.0160478
-0.114282	0.0818293
0.281577	-0.145729
0.161694	-0.0608
0.034072	-0.0229429
0.103961	-0.0718831
0.0153933	0.0203393
-0.112627	0.0999928
-0.179138	0.338487
0.0618236	0.402774
-0.00547878	0.382637
0.0214936	0.430637
0.0261351	0.286357
-0.0281162	0.468322
-0.22817	0.474709
-0.293542	0.452168
-0.343132	0.354365
-0.339146	0.27049
-0.396739	0.187272
-0.37727	0.092419
-0.319533	0.162592
-0.399173	0.305995
-0.390175	0.479338
-0.313898	0.534528
-0.317895	0.615366
-0.350548	0.677761
-0.425677	0.698914
-0.320421	0.651111
-0.140111	0.593422
-0.0580971	0.234756
-0.157187	0.215941
0.0219626	0.259687
-0.0497904	0.30221
-0.139254	0.43533
0.0172089	0.627111
0.000387347	0.349838
-0.106077	0.296444
-0.110589	0.30673
-0.171859	0.357256
-0.144916	0.413466
-0.346325	0.0915002
-0.428386	-0.131481
-0.454965	-0.120608
-0.502916	-0.135155
-0.519984	-0.139069
-0.3785	-0.250006
-0.275194	-0.270119
-0.334585	-0.0589861
-0.267863	0.131538
-0.319449	-0.0522106
-0.0194036	-0.581847
-0.0594383	-0.584029
0.470706	-0.034772
0.429197	0.0704359
0.410248	0.0613235
0.473365	0.0220044
0.531689	0.0407071
0.489721	-0.0657638
0.503621	-0.0921492
0.44962	-0.0825475
-0.106446	0.223249
-0.321685	0.439069
-0.430452	0.542927
-0.445982	0.459567
-0.360672	0.385609
-0.41602	0.331754
-0.259053	0.392458
-0.0939711	0.425145
-0.101441	0.117366
-0.599514	0.022744
-0.693645	-0.733168
-0.883437	-0.510638
-0.613388	-0.0364131
-0.798661	0.0160871
-0.461998	-0.0197705
-0.293331	-0.0322296
-0.21469	-0.0539715
-0.140187	0.0790983
-0.11121	0.220816
0.00783131	0.200127
0.00167616	0.308455
-0.0283308	0.238057
-0.0763213	0.201711
-0.132772	0.150687
-0.0958107	0.0553734
0.0417199	-0.0405603
0.0335092	0.0947914
0.111794	0.0930214
0.138829	0.17699
0.0618396	0.316226
-0.00993132	0.495488
-0.0955306	0.522054
-0.105149	0.422323
-0.0848608	0.435142
-0.287688	0.525877
-0.34902	0.509609
-0.169908	0.464759
-0.0995866	0.506884
-0.405653	0.355487
-0.549802	0.115857
-0.259501	-0.111147
-0.320259	-0.182649
-0.189716	-0.242887
-0.299312	0.0990925
-0.149618	-0.0821491
0.01017	-0.100217
-0.257534	-0.258542
-0.343971	-0.184218
-0.102152	-0.164427
-0.282392	-0.266612
0.0873007	-0.187676
-0.109956	0.0086619
-0.304143	-0.230184
-0.574884	-0.457839
-0.576585	-0.297443
-0.399452	-0.242487
-0.578297	-0.392498
-0.761867	-0.226405
-0.674833	-0.258557
-0.673168	-0.38164
-0.768361	-0.273284
-0.696527	-0.338682
-0.560248	-0.320649
-0.670384	-0.316842
-0.741214	-0.185812
-0.811186	-0.216301
-0.851741	-0.338758
-0.603249	-0.304512
-0.684233	-0.338759
-0.675869	-0.342857
-0.58681	-0.259139
-0.829924	-0.202216
-0.691149	-0.246624
-0.707416	-0.216078
-0.792277	-0.185763
-0.684686	-0.322374
-0.877567	-0.327786
-0.92988	-0.317619
-0.707897	-0.309197
-0.28709	0.290664
-0.365954	0.15487
-0.331915	0.0278291
-0.361849	0.144158
-0.364045	0.0141047
-0.0857503	-0.0464436
-0.399561	-0.21575
-0.416685	-0.325477
-0.248395	-0.314136
-0.0604425	-0.449472
-0.209945	-0.364962
-0.0923953	-0.428245
-0.0719594	-0.319479
-0.162172	-0.0967165
-0.454009	-0.202328
-0.502131	-0.16311
-0.54703	-0.0779978
-0.589705	0.024448
-0.567189	0.0206083
-0.590658	0.0967292
-0.510204	0.062022
-0.432565	0.0643963
-0.41346	-0.0406015
-0.354316	-0.184142
-0.383632	-0.264435
-0.476487	-0.217163
-0.562851	-0.177272
-0.709918	-0.348001
-0.814582	-0.249605
-0.780631	-0.210117
-0.617016	-0.181251
-0.7031	-0.271113
-0.832205	-0.187325
-0.61957	-0.220925
-0.731584	-0.19495
-0.918309	-0.543344
-0.799105	-0.307504
-0.712395	-0.405839
-0.830082	-0.21654
-0.836941	-0.445707
-0.880539	-0.274543
-0.683054	-0.0409592
-0.624056	0.0747883
-0.492514	0.0727308
-0.560135	0.181233
-0.6834	0.186318
-0.786119	0.177512
-0.713523	0.110003
-0.707272	0.0623739
-0.735283	0.0823835
-0.675144	0.0295504
-0.585231	0.0204754
-0.435952	-0.0296668
-0.405887	0.103392
-0.339967	0.000875097
-0.290053	-0.0575821
-0.287998	-0.119932
-0.217143	-0.148866
-0.212066	-0.147082
-0.30721	-0.0940299
-0.392883	0.00217062
-0.451453	0.0608792
-0.620016	0.323156
-0.785822	0.348052
-0.713201	0.354836
-0.820302	0.0656376
-1.02558	0.258097
-1.03397	0.259755
-0.8237	0.123798
-0.681063	0.397324
-0.590091	0.00364361
-0.567891	0.129783
-1.05471	0.0637702
-0.646221	0.265684
-0.790549	0.400971
-0.826398	0.452967
-0.726275	0.434772
-0.682325	0.401469
-0.638475	0.412397
-0.434801	0.142773
-0.426943	-0.159601
-0.620329	-0.0801094
-0.641458	-0.020402
-0.56579	0.119347
-0.540701	0.281051
-0.53325	0.381014
-0.491939	0.480108
-0.52485	0.595903
-0.417839	0.626464
-0.651167	0.809641
-0.599956	0.606459
-0.577918	0.216871
-0.644768	-0.125937
-0.520681	-0.115878
-0.735246	-0.297402
-0.552057	-0.0928643
-0.594041	0.0479692
-0.550531	-0.177004
-0.637313	-0.0738394
-0.431694	0.2047
-0.149536	-0.210916
-0.187545	-0.176382
-0.262008	-0.0213306
0.00864462	0.0479431
-0.103425	-0.116271
-0.216089	0.019179
-0.0787498	-0.0528389
-0.0929065	-0.0305598
-0.279466	0.151699
-0.241321	0.081712
-0.0437313	-0.0115608
-0.236131	-0.0457058
-0.145568	-0.0746416
-0.138822	-0.167346
-0.119209	0.00634483
-0.0599249	0.0582587
-0.158937	-0.00961065
-0.309495	-0.132226
-0.134586	-0.174496
-0.226341	0.216087
-0.43859	0.263003
-0.411351	0.121868
-0.563066	0.212592
-0.506096	0.0462452
-0.683794	-0.274528
-0.716184	-0.117742
-0.625643	-0.209287
-0.650785	-0.296607
-0.644568	-0.325959
-0.963165	-0.320111
-0.820856	-0.324475
-0.7574	-0.389263
-0.811071	-0.444522
-0.829516	-0.431225
-0.802944	-0.381871
-0.830728	-0.390284
-0.716624	-0.403789
-0.77988	-0.315363
-0.779255	-0.187737
-0.680942	-0.367834
-0.758799	-0.389357
-0.83874	-0.300428
-0.689863	-0.234406
-0.92139	-0.184918
-0.565542	-0.237375
-0.350943	0.573348
-0.422847	0.790216
-0.425678	0.786214
-0.263481	0.625517
-0.127396	0.483531
-0.312895	0.530542
-0.556343	0.477729
-0.690537	0.407101
-0.66341	0.226693
-0.611877	0.0112954
-0.47308	-0.142262
-0.635883	0.136051
-0.545997	-0.0534866
-0.715803	-0.0127031
-0.673803	0.0568695
-0.505341	0.231881
-0.270509	0.132352
-0.237884	0.373016
-0.261559	0.284923
-0.367495	0.325973
-0.334977	0.40056
-0.256068	0.262369
-0.307661	0.0489253
-0.338521	-0.324801
-0.365879	-0.416448
-0.309507	-0.445655
-0.321916	-0.343496
-0.247247	-0.308188
-0.099269	-0.339706
-0.000138648	-0.32947
-0.0914508	-0.0360201
-0.435709	0.378843
-0.565318	0.432487
-0.538146	0.476114
-0.684676	0.493379
-0.756219	0.553493
-0.780177	0.524581
-0.682458	0.411736
-0.0915484	-0.0707146
-0.179312	-0.0871415
-0.300327	0.00816217
-0.343145	0.030027
-0.30004	0.00179742
-0.209425	-0.00889502
-0.169331	0.0555208
-0.185572	0.139356
0.0202386	0.151366
0.22576	0.140184
0.214745	0.206266
0.136917	0.260393
0.0388592	0.165119
-0.246474	0.291413
-0.290585	0.290809
-0.504771	0.359882
-0.504398	0.313983
-0.60346	0.295184
-0.660152	0.345562
-0.636212	0.480372
-0.427458	0.402403
-0.296564	0.301624
-0.262477	0.318898
-0.150901	0.273117
-0.0254428	0.232234
-0.143371	0.387776
0.0568365	0.270845
0.00200502	0.388728
-0.0258446	0.395726
-0.0894385	0.401076
-0.337172	0.677588
-0.380634	0.434822
-0.468854	0.282679
-0.512872	0.195293
-0.47679	0.098228
-0.457961	0.0196025
-0.510726	-0.0139036
-0.604748	0.0433862
-0.678001	0.103473
-0.760512	0.161252
-0.819359	0.206254
-0.885932	0.26439
-0.974413	0.358286
-0.948028	0.458592
-0.370573	0.364028
-0.236574	0.165827
-0.353543	0.0409096
-0.317899	0.0804651
-0.190546	0.148161
-0.130559	-0.0179134
-0.0743917	0.000422476
-0.293464	0.11435
-0.416954	0.0899983
-0.567962	0.0423887
-0.703486	0.00584149
-0.807813	0.0196261
-0.702111	-0.0659428
-0.409949	-0.153307
-0.355184	-0.121004
-0.553975	-0.121655
-0.959772	-0.314242
-1.01571	-0.507303
-0.690758	-0.129186
-0.82377	-0.231056
-0.75032	-0.190816
-0.606925	-0.194785
-0.412063	-0.13886
-0.230477	0.0502752
-0.206779	0.244936
-0.256393	0.188633
-0.191672	0.106801
-0.080385	0.0798572
0.0838298	-0.000623273
0.24557	0.0765716
0.213797	0.0434011
0.153967	-0.116104
0.168873	-0.227578
0.189484	-0.255527
0.23901	-0.280628
0.220379	-0.297974
0.332019	-0.336903
0.476433	-0.393012
0.543026	-0.439206
0.549254	-0.334836
0.758673	-0.415344
0.865251	-0.377387
0.734852	-0.130603
0.701136	-0.0324337
0.5819	0.0299715
0.252965	0.364832
-0.284285	0.211083
-0.366357	0.125832
-0.429733	-0.121419
-0.530993	-0.366443
-0.536201	-0.104653
-0.625121	-0.285273
-0.619416	-0.0391985
-0.15741	-0.0501347
-0.319895	-0.00572665
-0.316772	-0.077649
-0.130834	-0.17542
-0.00793587	-0.178345
0.0765085	-0.18752
0.150316	-0.321802
0.277079	-0.214385
0.222701	-0.0908813
0.278671	-0.15034
0.165917	-0.152227
0.372135	-0.421523
-0.154544	-0.244011
-0.180376	-0.243696
-0.351137	-0.09527
-0.541147	-0.268149
-0.583135	-0.197568
-0.628165	-0.0950989
-0.68119	-0.0681259
-0.767815	0.132803
-0.642059	-0.105505
-0.58538	-0.135678
-0.65243	-0.279487
-0.756275	0.11261
-0.80577	-0.170812
-0.855914	-0.204186
-0.691864	-0.202294
-0.924254	-0.231794
-0.683677	-0.146051
-0.757451	-0.229275
-0.678201	-0.246452
-0.575702	-0.283104
-0.734916	-0.427729
-0.690296	-0.218201
-0.866425	-0.2918
-0.604397	-0.198963
0.110859	-0.194934
0.0294228	-0.359716
0.239771	-0.574979
0.170933	-0.520188
-0.00332118	-0.275529
-0.0409034	-0.101688
0.0444591	-0.0362669
0.0967015	-0.0494024
-0.00327837	0.131157
-0.0942768	0.273822
-0.366029	0.530964
-0.369781	0.604372
-0.554818	0.344788
-0.814339	-0.138443
-0.877627	0.115039
-0.810596	0.189837
-0.888647	-0.0721182
-0.786382	-0.046733
-0.805002	-0.161917
-0.990742	-0.11618
-0.437307	0.0713146
-0.497476	0.145281
-0.76044	0.075027
-0.921328	-0.151187
-0.964011	-0.256438
-1.04555	0.133352
-0.835374	0.317795
-0.673803	0.174732
-0.609224	0.060503
-0.611902	0.0510735
-0.624359	0.0799748
-0.635561	0.121467
-0.63613	0.169482
-0.655591	0.157133
-0.69404	0.142344
-0.382603	0.0103768
-0.249823	0.0794758
-0.204729	-0.0825696
-0.399325	-0.197614
-0.710095	-0.243089
-0.452477	-0.35704
-0.518042	-0.41353
-0.666493	-0.444011
-0.814672	-0.230882
-0.543152	-0.214357
-0.48958	-0.109435
-0.514773	-0.138355
-0.362666	-0.198951
-0.228397	0.310981
-0.030775	0.327893
0.0651694	0.161592
-0.0524431	0.10576
-0.440257	0.0776278
-0.00841116	-0.0542461
-0.0100875	-0.205179
-0.0162618	-0.192121
-0.119781	-0.0987415
0.038991	-0.112186
0.214622	-0.0965053
0.0880537	0.175842
-0.202024	0.286245
-0.429449	0.496521
-0.456998	0.522358
-0.311956	0.558211
-0.36811	0.227323
-0.539358	-0.0417253
-0.655966	-0.24931
-0.730569	-0.179821
-0.96902	0.073335
-0.900679	-0.131116
-0.655922	-0.0724265
-0.906862	-0.0491077
-0.973165	-0.167954
-0.958735	-0.284427
-0.497363	-0.0945365
-0.538257	0.0648066
-0.63964	0.130248
-0.888589	0.0834366
-0.822162	-0.0956147
-0.472322	-0.163319
-0.711428	0.200142
-0.440184	0.075544
-0.497875	0.0892128
-0.429571	0.0695671
-0.407339	0.0944462
-0.353395	0.0870052
-0.309153	0.0843926
-0.19481	0.0619868
-0.0989121	0.0903963
-0.0411844	0.136156
0.0108753	0.210685
0.0820236	0.224951
0.133832	0.201471
0.179654	0.105896
0.0916832	0.0985788
-0.0320826	0.0913133
-0.0519328	-0.0173775
-0.16444	-0.0444056
-0.222726	0.0151787
-0.165694	0.04222
0.00582079	-0.00563371
0.0619375	-0.00276526
0.147572	-0.0540236
0.174185	-0.164837
-0.0812215	-0.0798154
-0.231618	-0.102717
-0.237237	-0.188277
-0.283441	-0.24146
-0.187201	-0.259542
-0.165474	-0.309325
-0.155057	-0.318262
-0.194016	-0.216932
-0.116786	-0.2097
-0.0258502	-0.0216312
-0.0343171	0.160345
-0.0549574	0.206953
-0.0838861	0.288579
-0.214851	0.363674
-0.400689	0.316284
-0.345964	0.0397319
-0.044604	0.173698
0.111323	0.198108
0.1744	0.306367
0.102779	0.357887
-0.0133453	0.206395
-0.251384	0.124578
-0.314029	0.121448
-0.481529	0.126213
-0.527326	0.0882548
-0.556648	0.0277545
-0.514959	0.0438754
-0.459557	0.0956361
-0.364549	0.00468909
-0.436708	0.0804102
-0.558128	0.161852
-0.386245	0.210889
0.145603	0.132001
-0.255582	0.346135
-0.607518	0.14516
-0.710964	-0.0842007
-0.611975	-0.1097
-0.57566	0.00574512
-0.466171	-0.0781384
-0.41871	0.117401
-0.0448225	0.0339163
-0.130524	0.265779
-0.379157	0.323257
-0.481856	0.379746
-0.504196	0.416505
-0.933967	0.389443
-1.08277	0.289806
-1.00179	-0.0883593
-0.697048	-0.250329
-0.729529	-0.468157
-0.173315	-0.0466658
0.301942	0.0420655
0.308271	0.110517
0.294379	0.210305
0.165534	0.1654
-0.064264	0.231025
0.0260721	0.143345
0.0196847	0.0493172
-0.113427	-0.0276887
-0.274883	-0.0513389
-0.324211	-0.0650317
-0.357054	-0.0971352
-0.437792	-0.0609061
-0.539426	0.011971
-0.628927	0.0711481
-0.766109	0.156611
-0.817841	0.277042
-0.50481	0.185051
-0.416627	0.0302138
-0.461177	0.0201175
-0.619258	0.102663
-0.532691	0.118816
-0.503112	0.089417
-0.50993	0.0986771
-0.458282	0.0542192
-0.47811	0.014398
-0.50171	0.0263931
-0.472053	0.0217202
-0.347431	0.207636
-0.212853	0.283632
-0.249202	0.237543
-0.267902	0.0626835
-0.588268	0.169807
-0.662609	0.217546
-0.660628	0.1246
-0.346958	0.209729
-0.40679	0.00265377
-0.567704	0.123296
-0.630665	0.0268936
-0.695888	0.0717869
-0.678694	-0.194067
-0.493725	-0.169713
-0.798842	0.0112783
-0.700443	-0.16326
-0.578183	-0.218875
-0.82502	-0.105038
-0.825135	-0.148765
-0.683172	-0.115944
-0.720482	-0.110358
-0.729799	-0.0180833
-0.307384	-0.294821
-0.406202	-0.0724816
-0.628171	0.15994
-0.599023	0.125659
-0.522288	-0.131194
-0.466834	0.0871754
-0.577619	0.122367
-0.247453	0.202717
-0.226338	0.305195
-0.308639	0.385255
-0.424311	0.337217
-0.279553	0.163994
-0.603207	0.306723
-0.420782	0.112515
-0.321301	0.0972118
-0.471754	0.202148
-0.451593	0.053884
-0.52734	0.140669
-0.601306	0.0459583
-0.477945	0.126085
-0.638182	0.266063
-0.525071	0.263087
-0.299975	-0.00552343
-0.0831982	0.15687
-0.158052	0.118299
-0.206095	0.149482
-0.185713	0.264231
-0.199907	0.303898
-0.214133	0.302455
-0.18377	0.345081
-0.150745	0.372613
-0.118971	0.439542
0.00928748	0.501385
0.195804	0.516745
0.124392	0.436105
0.00409767	0.453073
-0.119397	0.470209
-0.332092	0.289347
-0.508394	0.0590326
-0.650672	-0.1407
-0.660167	-0.216988
-0.815427	0.210992
-0.694465	0.232103
-0.47549	0.0948518
-0.458488	0.0230352
-0.506761	-0.00206032
-0.563982	-0.0466455
-0.497417	-0.160603
-0.544039	-0.165144
-0.466074	-0.251087
-0.395639	-0.263808
-0.30443	-0.232911
-0.0844739	-0.265589
0.0422902	-0.121794
0.0671982	-0.0241886
0.0236435	-0.093447
-0.219531	-0.214223
-0.273982	-0.370132
-0.468378	-0.289766
-0.644209	-0.0827766
-0.688107	-0.221031
-0.76897	-0.150307
-0.612564	-0.16049
-0.624172	-0.371668
-0.714993	-0.219279
-0.672743	-0.214818
-0.671057	-0.327427
0.0107767	0.270599
0.225004	0.303946
0.351767	0.148628
0.263075	0.375558
0.347877	0.304083
0.117819	0.205018
0.0218568	-0.046288
-0.165662	-0.176917
-0.24994	-0.147483
-0.216374	-0.0828951
-0.0286605	-0.165814
0.102779	-0.206798
0.0773138	-0.122721
-0.367348	0.24247
-0.417025	0.412851
-0.468305	0.44018
-0.496626	0.43259
-0.506834	0.454945
-0.488278	0.3936
-0.435919	0.308423
-0.273263	0.362499
0.00131759	0.266184
0.00249181	0.209945
-0.36714	0.0651413
-0.590137	-0.029083
-0.191026	0.00510499
-0.338547	0.078203
-0.570085	0.372381
-0.821305	0.313142
-0.831429	0.389069
-0.609156	0.0888056
-0.485566	0.000923283
-0.410027	-0.218545
-0.309646	-0.331782
-0.227461	-0.367072
-0.235451	-0.395983
-0.25325	-0.364196
-0.198525	-0.306771
-0.125045	-0.374771
0.00158137	-0.34778
0.131842	-0.307184
0.255085	-0.263122
0.20165	-0.0363518
0.21191	-0.0423563
0.257479	-0.0829905
0.0305446	0.0537975
0.234124	0.0597006
0.31504	-0.00888045
0.385166	0.0223804
0.288082	-0.0061018
0.107276	0.0477565
0.126713	0.057788
0.033451	0.0805109
0.066529	0.104248
0.213273	0.135379
-0.0243989	0.0857173
0.0829223	0.0299168
0.0163112	-0.00760923
0.087629	-0.00399823
0.0339404	0.0472812
0.057154	0.0551027
0.165671	-0.0639559
-0.101024	0.0444551
-0.017591	0.030013
-0.103829	0.0113262
-0.174061	0.0830441
-0.209578	0.107872
-0.330743	0.0549461
-0.51798	-0.0594735
-0.585101	-0.327526
-0.791028	-0.381328
-0.648519	-0.379987
-0.715915	-0.272723
-0.871164	-0.179178
-0.662082	-0.299535
-0.756631	-0.248792
-0.958717	-0.199439
-0.825234	-0.389507
-0.852722	-0.305354
-0.881703	-0.403429
-0.737913	-0.469617
-0.988157	-0.336144
-0.915032	-0.361402
-0.9193	-0.32915
-0.560463	0.0730193
-0.293983	0.479657
-0.370537	0.307914
-0.302098	0.209394
-0.278169	0.107756
-0.356108	0.18748
-0.332971	0.222267
-0.499874	-0.233295
-0.62117	-0.2389
-0.743535	-0.173679
-0.81859	-0.109703
-0.80805	-0.0400847
-0.626749	-0.00834284
-0.527102	-0.103881
-0.532915	-0.193831
-0.551849	-0.238781
-0.527726	-0.292481
-0.570648	-0.247931
-0.64339	-0.224091
-0.667587	-0.18345
-0.623882	-0.0692714
-0.323551	-0.103043
-0.0723147	0.150211
-0.211031	0.0197804
-0.303943	-0.142699
-0.237897	0.0374535
-0.12833	0.115395
-0.135962	0.277548
0.209701	0.165385
-0.0348491	0.276704
-0.281088	0.215998
-0.354006	0.0864323
-0.208655	0.324358
-0.606985	0.475121
-0.485293	0.378371
-0.412236	0.285253
-0.347956	0.190208
-0.324386	0.111526
-0.387375	0.091221
-0.293511	0.061982
-0.027626	0.249171
-0.0202099	0.030639
-0.0709638	-0.182914
-0.128859	-0.3734
-0.366014	-0.231198
-0.672595	0.0574915
-0.745162	0.175873
-0.34272	-0.159908
-0.493733	-0.0557564
-0.72617	-0.208325
-0.555534	-0.303761
-0.566499	-0.0618328
-0.0550065	-0.0439574
-0.0137049	-0.201726
-0.0796414	-0.238681
-0.23651	-0.166214
-0.37317	-0.109085
-0.458358	-0.140156
-0.203204	0.11029
-0.75518	0.0936586
-0.612671	0.132115
-0.189119	0.0179841
-0.0701372	0.0482193
0.00611929	0.0389843
0.0446172	0.108469
0.0449388	0.166567
0.0492179	0.15249
0.0850727	0.114297
-0.0443975	0.283388
0.0809693	0.397071
0.093247	0.174716
-0.145674	0.154731
-0.288402	0.198807
-0.0843549	-0.0459261
-0.407335	-0.153801
-0.0622395	0.235017
-0.586181	0.511398
-0.549259	0.508716
-0.616624	0.428472
-0.659081	0.474975
-0.523728	0.495546
-0.473386	0.512643
-0.434074	0.486135
-0.392091	0.419903
-0.357717	0.306093
-0.312018	0.264791
-0.334724	0.291357
-0.303191	0.288294
-0.074452	0.436883
-0.0489651	0.392568
-0.128815	0.326417
-0.118555	0.260609
-0.125448	0.213822
-0.0631069	0.122137
0.1529	0.413936
0.254652	0.455238
0.110752	0.415065
0.0639277	0.470983
-0.133155	0.144462
0.0737395	0.0721852
-0.133008	0.0509629
0.179663	0.316324
0.115379	0.226342
0.0437262	0.114391
-0.0614493	0.0159443
-0.232531	-0.00303325
-0.204854	-0.143184
-0.3607	-0.168297
-0.401008	-0.140211
-0.352472	-0.16862
-0.279234	-0.234513
-0.27002	-0.238738
-0.288163	-0.191921
-0.344196	-0.103909
-0.241784	-0.0766978
-0.14391	-0.0139775
-0.0750162	0.224457
-0.132784	0.386426
-0.0177964	0.323286
-0.0320125	0.450648
-0.230342	0.311371
0.161009	0.201733
0.0758356	0.345894
-0.0729026	0.342092
0.0559858	0.314808
0.11244	0.19308
0.0644327	0.369933
-0.211883	0.31941
-0.150648	0.145426
-0.194156	0.00432315
-0.28164	-0.166751
-0.206449	-0.25016
-0.0940337	-0.320547
0.0382227	-0.308612
0.101351	-0.343607
-0.0458006	-0.152423
-0.159285	-0.102169
-0.255139	-0.0047645
-0.214143	0.0532657
-0.171967	0.252612
-0.338225	0.328119
-0.198946	0.070326
-0.348182	-0.108164
-0.250998	-0.332517
-0.093361	-0.230118
-0.334029	-0.227453
-0.531661	-0.19351
-0.620588	-0.196705
-0.74338	-0.180863
-0.601082	-0.214582
-0.49189	-0.0297008
0.236142	0.339612
-0.0760691	0.301835
0.0387069	0.272854
-0.0952013	0.202334
-0.136205	0.0720595
-0.181601	-0.0177976
-0.215857	-0.040791
-0.0731382	0.0445829
-0.0296246	0.240023
-0.174198	0.106319
-0.279894	-0.0107708
-0.330692	-0.239955
-0.00348174	-0.274021
-0.0866524	-0.184731
-0.120584	-0.0972666
-0.264564	-0.202315
-0.0836284	-0.349793
-0.165729	-0.325413
-0.233695	-0.0899507
0.124226	0.0130252
-0.105261	-0.170503
-0.305575	-0.0966109
-0.396356	0.00776691
-0.353624	0.0470197
-0.406933	0.0467335
-0.482763	-0.0996146
-0.397408	-0.0155181
-0.441461	0.0574351
-0.345605	0.0990482
-0.11996	0.109742
0.119227	0.0264926
0.201233	0.0387279
0.0810815	0.0596434
-0.121133	0.0726363
-0.152944	-0.0569017
-0.261258	-0.079077
-0.405868	-0.0761245
-0.42425	-0.104388
-0.431333	-0.117261
-0.441692	-0.0397365
-0.514969	0.00244372
-0.532422	0.0945495
-0.541781	0.191628
-0.544882	0.286443
-0.521934	0.381457
-0.451875	0.486943
-0.403431	0.529966
-0.383627	0.5744
-0.351191	0.6169
-0.390875	0.630614
-0.418192	0.688499
-0.453085	0.540556
-0.320955	0.609254
-0.231696	0.560052
-0.300999	0.376581
-0.504196	0.296938
-0.452102	0.104423
-0.454858	-0.0484119
-0.296881	0.15631
-0.306295	0.0379193
-0.344736	-0.117189
-0.373167	-0.295963
-0.339643	-0.276778
-0.30421	-0.229492
-0.1578	-0.115395
-0.248068	-0.191612
-0.359458	0.013165
-0.319274	-0.170067
-0.260159	-0.213815
-0.31447	-0.182079
-0.408748	-0.13465
-0.453263	-0.141945
-0.361637	-0.111639
-0.325914	-0.0255656
-0.870805	-0.104414
-0.815707	-0.236216
-0.962112	-0.20832
-1.09796	-0.327898
-0.93279	-0.285881
-0.742401	-0.246264
-0.625993	-0.376304
-0.817072	-0.263399
-0.750232	-0.416388
-0.790084	-0.273251
-0.0844382	-0.0402775
0.103218	-0.217363
-0.0747242	-0.309408
-0.366007	-0.247647
-0.283769	-0.169088
-0.0743737	-0.289668
-0.0822079	-0.134843
-0.0916272	-0.0360652
-0.161676	0.0919034
0.102909	0.0374337
0.163915	0.191443
0.0737605	0.124952
0.0951898	-0.0689926
-0.27425	-0.00937207
-0.49393	0.255572
-0.632407	0.369219
-0.263028	0.497333
-0.307383	0.257872
-0.471327	0.219181
-0.554492	0.333899
-0.574244	0.34145
-0.476709	0.197116
-0.55672	0.119889
-0.577542	0.220042
-0.534702	0.406985
-0.421197	0.46231
-0.239086	0.49137
-0.118709	0.522141
0.0625077	0.597479
-0.0462948	0.562506
-0.290759	0.497512
-0.253015	0.534774
-0.115177	0.593648
-0.0155878	0.324088
0.0630184	0.298875
0.241249	0.197658
0.146857	0.167425
0.157538	0.193669
-0.404142	0.348415
-0.567095	0.342742
-0.634788	0.314467
-0.719751	0.225887
-0.791498	0.165902
-0.78526	0.10036
-0.580373	-0.011156
-0.323261	0.103292
-0.469258	0.331709
-0.551162	-0.0426446
-0.622023	-0.0213655
-0.674206	-0.326332
-0.813396	-0.220472
-0.835917	-0.14146
-0.781913	-0.065926
-0.690935	0.056717
-0.38028	0.188257
-0.646257	0.149851
-0.646149	0.475878
-0.637687	0.488402
-0.431869	0.237356
-0.407321	0.145859
-0.3469	0.112342
-0.382131	0.275876
-0.368593	0.423574
-0.244671	0.493221
0.00252397	0.625211
-0.031017	0.607253
-0.00764262	0.376317
-0.0252682	0.437587
0.00780856	0.574461
-0.0011696	0.570678
0.11812	0.705166
-0.0418819	0.744657
-0.194712	0.743467
-0.176107	0.740684
-0.170792	0.673133
-0.280455	0.771551
-0.310378	0.785615
-0.431025	0.788215
-0.441104	0.697797
-0.057033	0.534797
-0.129917	0.638622
-0.441745	0.293989
-0.586394	0.210478
0.0890142	0.0554422
-0.207118	-0.104151
0.0736795	0.0747128
-0.291877	0.0470393
-0.268515	0.0170792
-0.359704	0.0365157
-0.487467	0.102918
-0.563282	0.236015
-0.821066	0.324847
-0.849272	0.370802
-0.598005	0.305688
-0.504222	0.142911
-0.434873	-0.0704885
-0.421096	-0.107479
-0.385392	-0.105621
-0.238062	-0.0865112
0.014851	-0.0694054
0.11271	0.21359
-0.151571	0.129993
-0.222788	0.295211
-0.34705	0.0387159
-0.217745	-0.0846232
-0.129894	-0.028317
-0.0512418	0.0507939
-0.300268	0.233461
-0.340011	0.22418
-0.263523	0.163715
-0.27626	0.0774759
-0.459104	-0.0283693
-0.407664	-0.228484
-0.479265	-0.126724
-0.376932	-0.11062
-0.401476	-0.0583999
-0.368343	-0.0956105
-0.229845	-0.250222
-0.157171	-0.366828
-0.159291	-0.356891
-0.0768089	-0.26454
-0.070825	-0.3007
-0.0826668	-0.273332
-0.127738	-0.320412
-0.130605	-0.281664
-0.122742	-0.176343
-0.141155	-0.0974535
-0.129994	0.0634534
-0.104774	0.196145
0.0455727	0.204076
-0.0627001	0.293478
0.00516748	0.336599
0.167562	0.356377
-0.0913138	0.548977
-0.0889746	0.510459
-0.151088	0.547422
-0.321683	0.573301
-0.242431	0.702528
-0.22406	0.490466
-0.595634	0.492056
-0.671398	-0.276468
-0.764422	-0.233856
-0.877485	-0.31831
-0.749525	-0.413197
-0.776404	-0.308911
-0.960612	-0.276781
-0.807065	-0.138951
-0.967111	-0.194901
-0.839586	-0.222579
-0.64461	0.0841718
0.173852	0.468063
0.321507	0.651743
0.207774	0.539455
0.29026	0.476191
0.445082	0.334811
0.473674	0.29664
0.15848	0.296504
-0.27761	0.212994
-0.493815	0.246921
-0.691756	0.402418
-0.685571	0.440238
-0.739975	0.358381
-0.660458	-0.0105533
-0.474229	-0.0465089
-0.529302	-0.0403154
-0.62735	-0.0502957
-0.638129	-0.125721
-0.643185	-0.192319
-0.599659	-0.258675
-0.567746	-0.247577
-0.527807	-0.255201
-0.543649	-0.23659
-0.566351	-0.199234
-0.601542	-0.138994
-0.664461	-0.0569424
-0.692242	0.0314675
-0.778899	0.149496
-0.575185	0.225145
-0.508541	0.175231
-0.501136	0.11417
-0.504585	0.0448026
-0.542596	0.00806325
-0.603148	-0.0104583
-0.600111	-0.0286058
-0.62098	-0.0168143
-0.598057	-0.110324
-0.548168	-0.171896
-0.547348	-0.148246
-0.537341	-0.216719
-0.508453	-0.251381
-0.575913	-0.0897776
-0.663468	0.0130046
-0.628515	0.0825445
-0.491625	0.0956981
-0.32072	0.186475
-0.204752	0.360338
-0.159879	0.424075
-0.12124	0.4957
-0.171409	0.528481
-0.0642294	0.443086
-0.0961385	0.462627
-0.19263	0.426561
-0.263247	0.298618
-0.389064	0.233154
-0.472282	0.113839
-0.545589	0.0320172
-0.545676	-0.0817096
-0.54674	-0.121668
-0.532408	-0.132831
-0.504412	-0.134623
-0.436872	-0.129615
-0.399441	-0.107799
-0.355014	-0.048593
-0.32594	0.0488323
-0.20249	0.143052
-0.0471507	0.163997
-0.0585778	0.177657
-0.143824	0.161749
-0.193798	0.204777
-0.226685	0.205767
-0.248044	0.157507
-0.251532	0.0672681
-0.308562	0.054325
-0.38319	0.0651837
-0.458077	0.0687036
-0.509294	0.0596529
-0.50137	0.037538
-0.501249	0.0275523
-0.59989	0.0384257
-0.356562	-0.109656
-0.0860875	-0.141033
0.0295111	0.0332576
-0.110046	0.132836
-0.0647045	0.142398
-0.0413708	0.0012486
-0.0173633	0.0711423
-0.0425836	0.10272
-0.178065	-0.0240933
-0.383929	-0.0968559
-0.652555	0.0913659
-0.73992	-0.0341444
-0.794423	-0.0873068
-0.636759	-0.261096
-0.757069	-0.200726
-0.654377	-0.21803
-0.813465	-0.273368
-0.911762	-0.0717864
-0.849821	-0.207563
-0.744524	-0.242911
-0.786957	-0.436903
-0.919835	-0.339402
-0.745865	-0.215209
-0.802601	-0.297789
-0.705346	-0.308416
-0.608782	-0.27287
-0.226245	0.142843
-0.136772	0.0774604
-0.0143894	0.152873
0.0931122	-0.0657132
0.0935197	-0.0748078
-0.0208561	-0.0338911
0.101343	-0.139559
-0.130473	-0.0932024
-0.153823	-0.0281938
-0.154034	-0.0138884
-0.187563	-0.0719452
-0.201283	-0.189796
-0.342604	-0.130659
-0.433342	-0.0267903
-0.526321	0.0580689
-0.396609	0.040738
-0.446934	-0.0705126
-0.478228	0.328267
-0.375005	0.45878
-0.257736	0.492084
-0.209509	0.47094
-0.049691	0.525454
-0.102351	0.578529
-0.0281257	0.518045
-0.0833247	0.560795
0.225167	0.52586
0.173511	0.120214
0.402981	0.285891
0.20892	0.310615
0.0744979	0.280387
0.120318	0.196952
0.0966377	-0.0287025
-0.0777465	0.01338
-0.107435	-0.0861457
-0.271629	-0.253467
-0.422674	-0.186896
-0.515305	-0.169381
-0.574992	-0.194725
-0.507701	-0.223136
-0.514621	-0.181615
-0.499378	-0.123268
-0.359975	-0.0822137
-0.329034	0.128049
-0.342203	0.373521
-0.282071	0.393986
-0.274832	0.297865
-0.248676	0.126797
-0.195265	-0.0904112
-0.304494	-0.112734
-0.248828	-0.182296
-0.287005	-0.155546
-0.232835	-0.076535
-0.158579	-0.104732
0.00857432	0.00334819
0.150605	0.107021
0.252611	0.145542
0.180851	0.0275875
-0.0528608	0.0572171
-0.336235	0.0471885
-0.628346	0.0596137
-0.720219	0.0292039
-0.591444	0.44142
-0.756194	0.552345
-0.227754	0.184425
-0.143043	-0.0633959
-0.182321	-0.182689
-0.253616	-0.159894
-0.278536	-0.174567
-0.205635	-0.154273
-0.172504	-0.145156
-0.266978	-0.0962209
-0.188192	-0.111627
-0.191861	-0.209898
-0.0702792	-0.121945
0.0362916	-0.00619009
-0.0568503	0.136507
0.225583	0.0783127
0.136059	0.00342558
-0.0410425	-0.210504
-0.256061	-0.127945
-0.351218	0.143043
0.0338852	0.353977
0.258574	0.332652
-0.0259197	-0.00379377
0.0357088	-0.081022
0.0668487	-0.121944
0.0965719	-0.224394
0.0512931	-0.301609
-0.139667	-0.295315
-0.0119149	-0.269523
-0.0089434	-0.123773
-0.0360429	-0.0422961
-0.075607	-0.0614401
-0.283113	-0.00957922
-0.285229	0.0358889
-0.349015	0.104123
-0.359686	0.0407817
-0.793147	-0.294946
-0.725018	-0.303566
-0.878603	-0.326833
-0.794951	-0.402825
-0.796212	-0.212672
-0.840716	-0.199031
-0.84769	-0.157961
-0.770377	-0.321847
-0.59634	-0.246294
-0.833904	-0.522488
-0.916069	-0.230148
-0.937813	-0.361049
-1.02193	-0.410195
-0.87829	-0.294067
-0.703717	-0.436975
-0.924926	-0.343746
-0.794116	-0.265958
-0.876519	-0.176926
-0.918374	-0.247263
-0.949878	-0.395761
-0.427769	-0.243983
-0.182158	-0.162524
-0.213876	-0.0506076
0.0472552	-0.0908215
0.124078	-0.316723
0.154529	-0.419767
-0.214629	-0.374555
-0.245338	-0.381623
-0.559208	-0.281364
-0.540965	-0.372203
-0.611516	-0.338802
-0.603447	-0.328223
-0.442683	-0.364783
-0.535001	-0.303613
-0.545615	-0.301625
-0.501472	-0.291919
-0.661715	-0.260855
-0.672519	-0.256144
-0.52913	-0.289872
-0.309227	-0.106882
-0.285808	0.0163725
-0.363761	-0.11754
-0.530976	-0.105773
-1.25559	0.130869
-1.3146	0.124171
-1.03162	0.273935
-0.794722	0.449203
-0.804387	0.450786
-0.715159	0.391517
-0.617475	0.300483
-0.516996	0.171504
-0.448469	0.0917244
-0.405482	0.0488229
-0.118723	0.0606818
-0.240295	0.247105
-0.321194	0.143907
-0.390545	-0.0362129
-0.276294	-0.331097
-0.333935	-0.29787
-0.475534	-0.19244
-0.284498	0.0757909
-0.176825	0.112341
-0.265027	0.00867192
-0.423094	-0.0878536
-0.599103	-0.204642
-0.627009	-0.182586
-0.518957	-0.00885982
-0.232617	0.00319061
-0.419394	0.0514457
-0.487436	0.0112571
-0.479529	-0.0708974
-0.473913	-0.11445
-0.556155	-0.0977609
-0.431432	0.00344949
-0.463692	0.388335
-0.113226	0.14047
-0.450894	0.094141
-0.448724	0.134206
-0.45007	0.281441
-0.399593	0.0972168
-0.39354	0.0653564
-0.305033	0.0237536
-0.315976	-0.0338929
-0.301638	-0.1279
-0.298161	-0.103296
-0.189976	-0.133589
-0.26734	0.0878423
-0.311814	0.291521
-0.301878	0.344676
-0.490324	0.430705
-0.464449	0.38136
-0.352223	0.310485
-0.321715	0.259614
-0.232474	0.264144
-0.22385	0.35312
-0.249959	0.372657
-0.237521	0.359533
-0.302038	0.488389
-0.293058	0.585451
-0.330405	0.654197
-0.342584	0.685144
-0.326636	0.701196
-0.277534	0.655136
-0.249008	0.604876
-0.25376	0.68539
-0.40064	0.287923
-0.537101	-0.176774
-0.500757	-0.0251395
-0.631483	-0.226517
-0.463635	0.171104
-0.552894	-0.0876265
-0.345577	0.0705111
-0.411981	0.245138
-0.505437	0.10215
-0.651251	0.178687
-0.566133	0.135762
-0.519681	0.247087
-0.456092	0.244312
-0.520643	0.453807
-0.343964	0.72908
-0.542367	0.67634
-0.718319	0.618655
-0.690093	0.603142
-0.66511	0.578424
-0.705583	0.51808
-0.670465	0.375481
-0.616434	0.238757
-0.486922	0.0737896
-0.435588	-0.0339934
-0.361529	-0.0294563
-0.28762	0.00615654
-0.191623	-0.0470429
-0.122191	-0.0773299
-0.132819	-0.0243052
-0.0425546	-0.0610261
-0.0420902	-0.0468458
-0.130986	-0.0155037
-0.0631492	-0.0839614
-0.0485324	-0.0829599
0.0116483	-0.0735532
0.060878	0.0125896
-0.0687977	0.152324
-0.180541	0.238668
-0.013345	0.0772316
-0.347478	-0.0557926
-0.789592	-0.0919547
-0.490836	-0.136188
-0.380558	-0.190351
-0.445862	-0.236165
-0.69744	-0.0938561
-0.608672	-0.167085
-0.5758	-0.172205
-0.557888	-0.345795
-0.5363	-0.211969
-0.682168	-0.251647
-0.588651	-0.288357
-0.98884	-0.0981221
-0.910286	-0.243945
-0.762677	-0.320533
-0.909528	-0.360105
-0.914627	-0.217824
-0.845469	-0.132624
-0.443567	-0.190983
-0.881787	-0.25613
-0.890554	-0.291592
-0.856645	-0.0881688
-0.819941	-0.0309122
-0.638873	-0.0933683
-0.631008	-0.143574
-0.650971	-0.0213294
-0.672344	-0.142636
-0.837894	-0.0246783
-0.889468	-0.176754
-0.678609	-0.302942
-0.565376	0.0219272
-0.843868	0.0891082
-0.958749	0.00524952
-0.698124	0.0448883
-0.426143	0.256895
-0.720785	0.230704
-0.762927	0.288942
-0.680454	0.354589
-0.668819	0.417565
-0.51734	0.37933
-0.406005	0.339179
-0.266244	0.262122
-0.142844	0.241337
-0.147051	0.285115
-0.184921	0.38337
-0.322405	0.420934
-0.330344	0.0770006
-0.519201	-0.125058
-0.4012	0.189564
-0.207994	0.0474754
-0.168397	0.0284558
-0.17841	0.00456354
-0.227408	0.0358035
-0.095707	0.0134045
0.0479357	0.173405
0.138368	0.219228
-0.016244	0.049231
-0.152779	-0.0426917
-0.0761197	-0.183254
-0.192501	-0.0195504
-0.169418	-0.243517
-0.196287	-0.103075
-0.274337	-0.113489
-0.244907	-0.117869
-0.260447	0.0268319
-0.290786	0.296534
-0.420917	0.115905
-0.577938	-0.0638003
-0.606097	-0.0433719
-0.552413	0.0721262
-0.088236	0.0893846
0.193345	0.0665062
0.435838	0.240844
0.531979	0.100801
0.310728	0.326399
0.274312	0.190156
0.229495	0.111449
0.0627348	0.154823
-0.0977002	0.166911
-0.242264	0.181283
-0.473888	0.148212
-0.420158	0.290439
-0.386051	0.325382
-0.275233	0.293357
-0.276175	0.290929
-0.261508	0.289366
-0.602313	0.64198
-0.501072	0.2164
-0.225111	0.123816
-0.232645	0.410559
-0.303448	0.23258
-0.447831	0.22415
-0.491578	0.298674
-0.333494	0.486544
-0.0921815	0.592153
0.044608	0.550166
0.112554	0.394986
0.0125847	0.340602
-0.0941849	0.380434
-0.240094	0.512237
-0.161241	0.346245
-0.209516	0.0369143
-0.286159	-0.00844775
-0.362412	-0.039575
-0.402048	-0.042141
-0.47191	-0.00710656
-0.557988	0.109149
-0.679918	0.204611
-0.778938	0.271513
-0.834071	0.289544
-0.553436	0.327182
-0.581073	0.388658
-0.43744	0.327838
-0.0756502	0.112205
0.0176405	0.171788
-0.0657342	0.323143
-0.267189	0.201758
-0.485223	0.213513
-0.509323	0.129456
-0.548536	0.0274705
-0.506014	0.158073
-0.702642	-0.0138709
-0.609721	-0.0520843
-0.592525	-0.196735
-0.492146	0.0109846
-0.457708	0.0769584
4.20167e-06	0.312635
-0.0642531	0.531796
0.0896931	0.61006
0.156917	0.641652
0.146325	0.417786
0.305336	0.3142
0.0443087	0.435594
0.0796536	0.458352
-0.200174	0.371382
-0.32314	0.151491
-0.37398	0.133988
-0.502203	0.0658822
-0.871756	0.224464
-1.05778	0.287458
-1.17759	0.0786333
-0.74293	0.470431
-0.600228	0.921831
-0.45529	1.00912
-0.241662	0.918935
-0.285178	0.946207
-0.299993	0.829127
-0.420398	0.788201
-0.437594	0.655519
-0.483861	0.433461
-0.505596	0.243328
-0.410488	0.0562277
-0.426707	-0.1712
-0.475927	-0.215282
-0.4602	-0.173541
-0.403487	-0.20147
-0.386306	-0.222663
-0.358395	-0.170615
-0.364684	-0.0719841
-0.369012	0.0589834
-0.37977	0.275916
-0.215974	0.271048
-0.266459	0.449359
-0.373454	0.550256
-0.298145	0.608725
-0.185526	0.675839
-0.192925	0.749469
-0.185168	0.800531
-0.229312	0.810165
-0.390483	0.814381
-0.36303	0.760333
-0.449743	0.696696
-0.469189	0.564139
-0.605317	0.381209
-0.55315	0.40107
-0.58958	0.294727
-0.624398	0.210005
-0.548984	0.31503
-0.542518	0.287355
-0.562454	0.269803
-0.482445	0.335917
-0.419934	0.213719
-0.415276	0.0853522
-0.376693	0.161073
-0.381331	0.130547
-0.412183	0.0115955
-0.946209	-0.124722
-0.961782	-0.223146
-0.763871	-0.176046
-0.706834	-0.537632
-0.767232	-0.212682
-0.816998	-0.191406
-0.92968	-0.262447
-0.846547	-0.386652
-0.463955	-0.0500193
-0.0482008	0.380014
-0.249046	0.345471
-0.315289	0.239141
-0.276898	0.12489
-0.311783	0.170356
-0.419229	0.131081
-0.32336	0.0439064
-0.376453	0.0825502
-0.291062	-0.0780211
-0.517429	-0.157687
-0.381035	-0.018852
-0.533152	0.267078
-0.125176	0.312248
-0.327602	0.413377
-0.314616	0.405257
-0.28633	0.335311
-0.365092	0.360311
-0.478648	0.41072
-0.679932	0.319045
-0.602646	0.413965
-0.57913	0.459351
-0.680316	0.217189
-0.493823	-0.0585774
-0.325323	-0.203573
-0.293995	-0.178885
-0.390793	-0.0480556
-0.411384	0.0224045
-0.408569	0.0429224
-0.492668	0.133844
-0.599855	0.237214
-0.549805	0.330138
-0.551077	0.456621
-0.465021	0.474447
-0.434179	0.460236
-0.284729	0.279747
-0.156779	0.0294209
-0.158983	-0.0764176
-0.126043	-0.164812
-0.153375	-0.098101
-0.198566	-0.00328852
-0.13287	0.0885035
0.0378076	0.14868
0.207962	0.35447
0.357392	0.574832
0.444796	0.674232
0.460298	0.699332
0.46363	0.674482
0.529493	0.676872
0.452011	0.643944
0.42379	0.671221
0.331934	0.595842
0.208734	0.442951
0.0510952	0.293719
-0.0356288	0.151969
-0.16259	0.0190595
-0.210774	-0.107289
-0.304323	-0.217551
-0.331444	-0.324492
-0.364916	-0.40673
-0.43105	-0.38521
-0.497201	-0.304643
-0.586247	-0.142381
-0.614664	0.00833026
-0.649119	0.192457
-0.607367	0.33543
-0.539346	0.484506
-0.532542	0.661559
-0.436646	0.632516
-0.291029	0.76605
-0.433314	0.911369
-0.415106	0.846784
-0.454413	0.724163
-0.5523	0.445541
-0.815481	-0.117233
-0.732264	-0.119633
-0.722682	-0.274049
-0.65698	-0.060085
-0.675225	-0.0609021
-0.749401	-0.0954371
-0.719946	-0.123543
-0.71013	-0.230758
-0.77009	-0.0762963
-0.756486	-0.2948
-0.654522	-0.219579
-0.668141	-0.279883
-0.701754	-0.3275
-0.890576	-0.00105843
-0.764761	-0.0298181
-0.548248	-0.0918039
-0.767046	-0.258965
-0.568687	-0.170504
-0.425442	-0.153384
-0.703845	-0.100128
-0.843159	-0.157901
-0.676066	0.0340231
-0.418798	-0.247822
-0.591523	-0.083187
-0.657984	-0.101304
-0.580775	0.033704
-0.883194	0.0255027
-0.727628	-0.0562248
-0.688481	-0.161127
-0.959504	-0.195253
-0.97602	-0.159689
-0.926175	-0.258988
-0.806697	-0.1424
-0.831374	-0.0827359
-0.913105	-0.171624
-0.993982	-0.392971
-0.819839	-0.216177
-0.919564	-0.35676
-0.780357	-0.137992
-0.554519	-0.245995
-0.779858	-0.329774
-0.791202	-0.285421
-0.689245	-0.323783
-0.707545	-0.281715
-0.687786	-0.241405
-0.61185	-0.134272
-0.878554	-0.189746
-0.823855	-0.425356
-0.763821	-0.28074
-0.829486	-0.101778
-0.740406	-0.0770844
-0.796183	-0.220663
-0.815962	-0.252718
-0.937963	-0.161533
-0.775218	-0.418326
-0.703856	-0.43509
-0.79966	-0.374064
-0.88118	-0.149486
-0.822327	-0.439035
-0.965005	-0.411994
-0.902029	-0.514004
-0.954804	-0.134771
-0.825659	-0.131989
-0.861458	-0.302685
-0.715806	-0.18611
-0.691592	-0.149808
-0.671706	-0.285194
-0.628193	-0.474242
-0.471953	-0.225691
-0.322399	-0.208459
-0.194614	-0.16738
-0.0150711	-0.169212
-0.0787323	-0.0861449
0.00277873	-0.0709397
0.0058255	0.0760969
0.0259257	0.230986
0.184582	0.387088
0.443743	0.35646
0.635129	0.350616
0.652819	0.437509
0.91036	0.363683
0.829283	0.395731
0.848243	0.375897
0.706592	0.454788
0.413969	0.621649
0.0468257	0.491723
0.0298627	0.659988
-0.0358278	0.676417
-0.0995546	0.747573
-0.176114	0.657989
-0.195824	0.749165
-0.242516	0.700938
-0.248202	0.494501
0.0515173	0.470587
-0.176443	0.268315
-0.0730274	-0.138673
0.219123	-0.287891
0.482697	-0.050646
0.374087	0.260554
0.329994	0.254465
0.153519	0.205239
0.281377	0.136057
-0.035753	0.0240136
-0.163893	0.116521
-0.723576	0.184651
-0.776087	0.115715
-0.731861	-0.173333
-0.654031	0.0964955
-0.350649	0.0347532
-0.118386	-0.0690099
-0.440793	0.037232
-0.497675	-0.131773
-0.770682	-0.0348444
-0.553418	-0.190279
-0.455217	-0.133019
-0.186997	0.0815916
-0.245406	0.0574982
-0.283504	-0.065922
-0.251989	-0.0777595
-0.243761	0.0421609
-0.185112	0.188981
-0.0817443	0.292813
0.191328	0.230399
0.0487396	0.193163
0.134467	0.238599
0.208345	0.352933
0.379311	0.389928
0.216312	0.20163
-0.205817	0.512395
-0.23899	0.54852
0.0294345	0.224742
-0.0272941	0.202125
0.110841	0.106208
0.202731	0.0962293
0.242113	0.371789
0.171494	0.541889
0.121218	0.464235
0.0641299	0.394829
-0.172448	0.450738
0.12961	0.406196
0.372485	0.534423
0.0519974	0.366665
-0.0441522	0.144289
-0.372291	0.0200688
-0.363191	-0.0159231
-0.387821	-0.138721
-0.470552	-0.769973
-0.359845	-0.56925
-0.455685	-0.325997
-0.483859	-0.38912
-0.578942	-0.294583
-0.511216	-0.280286
-0.440014	-0.137045
-0.351363	-0.0998408
-0.322543	-0.0152343
-0.427137	0.0530896
-0.522432	-0.0713008
-0.567006	0.0289019
-0.689645	0.249857
-0.824425	0.512587
-0.85007	0.753815
-0.692239	0.916361
-0.509925	1.03257
-0.39513	1.03243
-0.356707	1.04355
-0.322865	1.03916
-0.242987	1.0244
-0.0969336	0.99601
0.0357274	1.04359
0.00273245	1.00937
-0.255386	1.05363
-0.350917	0.940048
-0.405733	0.79395
-0.505659	0.6602
-0.26142	0.304034
-0.364283	0.346555
-0.32865	0.318233
-0.56099	0.193489
-0.654969	0.0995968
-0.629449	-0.152346
-0.774378	-0.199564
-0.631919	0.104013
-0.630187	-0.120879
-0.786559	-0.230881
-0.676221	-0.276959
-0.792344	-0.29209
