5.00454	-5.90206
-6.54307	0.594993
-4.89663	-8.40605
0.915876	-3.83578
0.630931	-2.96221
-2.90621	3.32464
-1.42577	1.01686
-5.23912	1.2256
1.78842	-0.907021
-1.32197	-0.338596
-4.91212	-11.0126
-11.6276	-10.8382
-13.2897	-9.60231
-9.95608	-8.95035
-6.83183	-2.03059
-4.57998	-4.97336
-6.88652	3.20537
7.90566	-3.14068
-4.30373	-11.1536
-6.78006	-3.76486
-2.2446	-0.603652
-2.36029	1.2922
2.24056	-2.25245
-0.99483	-9.26588
-9.51015	-16.2153
-16.1687	-2.52203
-1.72961	-1.60564
-4.24005	-7.69722
-12.0074	-12.1316
-11.8653	-8.87781
-10.5744	6.9249
7.54336	-8.74927
-8.7852	0.630339
1.33082	-3.36438
-0.968831	-5.44961
-7.66918	8.69021
11.9944	-7.91248
-10.6321	-17.536
-17.8482	-10.7782
-9.2982	-10.8405
-11.917	-5.30715
-10.5192	-7.34773
-4.62653	5.34637
0.392268	1.04807
4.46212	-2.37448
-4.25886	0.310204
-0.935087	0.372348
5.19364	2.31011
-6.59227	-2.23407
-0.856754	-22.3413
-22.151	-12.8985
-17.8034	-7.47445
2.79843	-1.69772
-6.77557	-7.8443
-6.12408	-11.3759
-11.8583	-5.92518
-8.16052	1.24215
2.74091	4.69267
-1.83453	-1.48213
-8.46281	-1.29094
-0.562735	-7.23218
-4.99274	-5.54898
-5.14023	-10.4116
-12.4565	-12.9123
-15.5553	-0.0674896
-1.41782	-4.82673
-8.69433	-7.59591
-14.4343	-8.82038
-9.53393	-3.6462
3.88575	0.343701
-3.94724	2.72328
0.553325	4.09629
-1.75471	-9.95158
-2.05583	-1.76624
-0.387609	-1.89385
-3.78453	-14.865
-14.7919	4.87205
5.01248	0.776525
1.96084	-22.7257
-23.5273	-8.7631
-11.8793	-4.21466
-4.30376	-6.97327
-2.24126	3.99589
6.72358	3.24511
0.98911	-10.8701
-7.31922	-2.49901
2.62536	-4.96459
-8.89991	0.244983
2.64143	-8.00469
-7.99503	-19.7932
-18.7049	-4.94657
-3.07559	-5.90909
-3.07594	-2.45959
5.21739	-0.613779
-8.26123	0.45637
0.717582	0.893606
-2.32559	-4.5322
-0.694373	-6.72381
-5.91707	-4.1459
-0.0195718	1.08124
-3.41373	-3.3302
-2.57871	-3.89835
-1.6511	-14.7662
-19.9993	-2.28973
9.10923	2.3564
-3.70026	-12.505
-3.15749	-9.59218
-3.72895	-11.3231
-10.8962	-3.53617
-0.372744	-0.300067
-0.987372	0.755033
4.57253	0.436675
3.29856	-6.49674
-5.31157	-2.79253
-3.12769	-6.04035
-6.74934	-12.9536
-13.3	-15.7142
-15.2113	3.22666
3.14091	-2.58179
-3.61531	-12.9563
-11.7857	1.24907
1.4061	-7.95344
-8.52654	6.30094
6.63461	-3.25971
4.58785	-4.87922
-4.62106	-5.47379
-6.41501	-2.14226
-2.1956	-9.43472
-9.41461	-4.1074
-3.29736	7.08747
5.75876	-5.79521
-9.58693	-3.91456
-0.270045	-14.2854
-14.019	2.85627
1.71773	-6.31923
-6.0574	5.05382
5.84342	-9.73738
-9.56123	2.39594
3.60065	-9.8381
-10.3022	-3.22952
-1.46836	-1.62417
-0.126388	-5.50244
-4.50897	-11.3135
-11.6559	-15.1585
-13.4831	1.75462
2.64501	-11.4018
-11.1158	-12.1701
-14.0679	-2.60602
7.83091	0.343206
-1.34063	-2.30873
-6.48509	-1.61944
-2.74773	2.55413
-1.016	-1.7585
3.40003	-4.09024
-4.33653	-8.28022
-6.78581	-13.9803
-10.1884	-16.5219
-15.4916	-1.90179
-3.50945	-3.01992
-5.63068	-7.72271
1.06811	-3.15299
1.45918	-1.54163
5.82979	2.11603
-4.47191	1.79696
1.57659	-6.03634
-2.60576	-1.01319
1.6697	-16.9773
1.6918	-5.37025
-0.12145	-6.40378
-4.71721	-2.03139
-4.58251	-5.43582
0.655118	-0.965882
-2.31468	6.59546
0.16293	0.154308
-2.26912	-5.41572
-9.0135	0.701135
-2.80931	-1.08823
1.1447	-17.8511
-10.8143	-7.20763
0.486331	5.16105
5.25786	-6.16753
-5.8481	-11.1559
-14.1927	-8.07408
-3.35002	-3.22629
-2.95356	-6.71608
-5.06996	4.27318
3.75797	5.29925
3.47091	-8.46748
-10.12	1.58052
-0.273432	-0.175865
0.686074	-8.85819
-9.27471	-18.1065
-18.4982	-5.58399
-5.99899	-10.8004
-9.98367	-6.11725
-2.9639	-4.75882
2.76025	14.6028
5.22605	0.169059
-1.45671	-2.32503
2.84772	-4.70271
-0.775374	-1.74021
0.770846	-2.92134
-10.4422	1.12157
1.40349	-5.44518
-8.21646	-18.1397
-17.6201	-9.63968
-10.7016	-2.5895
-0.894378	-5.89115
-7.15143	-8.049
-5.38477	-11.9012
-13.4318	-4.464
-6.016	-5.49778
-6.94308	5.5606
5.20528	4.27742
3.13893	-1.47647
-2.66781	-0.814773
-0.958031	-5.04345
-4.51489	-7.39964
-8.77956	-13.4297
-14.58	-8.44369
-6.36401	-2.78699
-1.30682	-3.34112
-7.05353	-7.40712
-5.9684	-5.73534
0.0176238	2.99511
-0.637384	1.59938
1.20412	-12.028
-10.6448	-4.69787
-5.65293	-2.28739
-2.40514	-8.66308
-9.02794	-12.0027
-12.6893	9.98151
12.1779	-13.0151
-7.76947	-8.70306
-6.03366	-11.5407
-15.1692	5.64423
3.07082	-4.68176
2.80383	-9.54025
-1.16689	-0.542685
3.08519	-8.71553
-5.408	-5.69188
-2.05053	-4.31212
-4.01783	-12.4228
-11.8891	-3.97952
-7.58358	0.722818
8.97778	-12.7494
-12.903	-3.35543
-2.21787	-5.84128
-5.68278	-15.6078
-15.0745	-2.91466
-0.889661	-8.88318
-13.1144	-1.63859
-1.50672	1.69767
-1.4848	-11.7533
-8.95352	3.29534
-0.630809	-5.57966
-5.73883	-12.2383
-14.8211	-2.20535
-0.547859	-15.7021
-15.6618	1.35261
-2.61226	-8.50766
-8.47852	-13.4875
-8.48232	15.9772
7.16772	-4.12397
-1.66392	-6.66422
-1.68293	8.05766
2.30587	0.709899
-4.56342	-2.03139
-8.82891	-18.0612
-16.3798	1.51083
-3.42552	-4.0703
-3.38492	-2.59092
-4.36111	1.78573
-3.87029	-2.16794
-3.69989	3.80199
6.72871	-7.74061
-8.97008	-17.2815
-13.4846	1.47864
2.289	-6.56273
-7.6523	-0.789912
-0.302358	3.49495
1.85917	-11.2264
-10.1875	-6.14834
-4.07145	0.652113
2.85497	-10.9852
-9.91757	-9.41143
-5.60646	-8.4726
-10.7745	-1.05542
-0.988358	-6.28955
-4.87586	-0.853936
0.454209	-7.0132
-4.55713	-5.15848
-5.23779	-5.2248
-7.50488	-5.22364
-5.62679	-4.46214
-4.97853	-1.13286
-1.26887	7.92056
9.7561	-5.16587
0.616537	-0.301565
3.74488	2.82316
-3.88228	1.20736
-4.36601	6.09396
0.254866	-3.62211
-3.27126	-2.09428
-5.11887	-2.04964
-8.10359	-8.79245
-4.00316	0.830557
-0.384557	-25.5057
-25.8441	-2.32621
-6.38382	-5.76112
-9.92918	-7.29408
-9.90895	-7.22974
2.38158	-9.37063
-14.975	5.91846
-4.79953	-10.3872
-0.220305	3.89038
1.81312	-0.600714
-4.48855	-3.15131
-1.59905	6.85832
-0.242383	-2.8063
3.58419	-6.43828
-4.74347	0.685743
0.257078	5.37904
-2.70167	-2.12611
-1.97994	-3.39598
6.04391	0.746294
1.32975	3.79042
2.41517	4.05695
1.69463	-0.929617
-0.154431	0.746549
1.07098	-18.6209
-20.3801	-11.7592
-15.4933	2.79631
1.54397	-7.03671
-16.5684	-6.4889
4.92877	3.95897
1.69999	-4.62063
-1.6956	-2.75542
-2.25126	-8.12947
-13.0215	4.51985
6.32447	-3.20427
-3.15771	-3.46245
-2.19103	0.763153
0.188439	-9.47985
-9.62925	-16.4019
-16.5892	-7.80251
-6.97383	-9.13328
-9.0561	-5.33377
-4.86426	-2.64717
-3.45659	8.65504
10.0358	-11.5016
-9.48198	-10.3437
-4.58359	-5.16446
-5.65117	5.30193
1.84049	-6.48225
-5.81522	4.89679
2.3853	-9.1501
-9.26687	-10.8553
-9.55279	2.4317
0.222889	-17.6544
-17.7711	-10.0835
-10.545	-1.05071
0.748807	-0.821583
-0.0350392	-4.98949
-4.69051	-1.34221
-0.983686	3.09296
4.63557	-15.5118
-4.53995	-3.76669
-6.18632	-5.10161
-1.58828	-11.5263
-8.46852	-6.02953
-13.0701	-3.8939
-2.79611	-13.3195
-14.1492	-9.64685
-10.157	-8.39267
-7.48152	12.8768
10.6763	-0.548608
3.98364	-7.76971
-13.3627	4.51544
1.39214	-7.1251
-8.92749	5.22386
-3.11175	-3.94598
-1.33483	-12.3383
-13.1548	-14.0214
-16.4197	-2.6854
2.33011	-7.34362
-12.8296	-10.8787
-4.19381	0.999807
-2.52792	6.10572
4.15236	-5.22607
-1.56034	-3.03479
-8.03722	-8.85021
-12.0038	7.49294
9.6767	-6.3233
-7.36124	3.70858
3.79017	-12.0429
-11.7718	-17.9182
-18.1449	-4.70175
-4.44157	-6.53403
-6.43911	-7.28805
-6.74913	-6.79796
-6.72419	-10.5098
-3.62041	-1.51157
-1.24736	2.08406
-3.66126	-0.224939
-1.25208	11.8879
10.5629	-6.65773
-12.3256	-2.69331
0.551985	-4.61993
-5.31488	-12.4259
-9.1876	2.76756
7.22892	-8.92123
-16.5582	-11.5254
-7.49437	-6.73403
-7.18568	-3.89982
-9.28885	-13.5781
-11.0832	6.1168
6.53192	-8.25879
-4.20264	1.39275
-3.67377	4.51399
6.85705	-6.87622
-3.24988	-9.66954
-8.57693	-7.36462
-8.49025	0.364086
-2.67913	-7.56142
-7.46873	-8.20754
-4.79451	-12.3208
-11.3038	-18.0063
-20.9911	5.1181
8.01544	-3.74581
-6.04627	-5.32115
-0.229292	8.94718
4.46581	-13.0419
-10.4909	5.36661
3.85312	-11.4002
-11.3165	-6.03745
-5.08843	-4.99507
-5.40234	-18.4826
-18.8179	-5.30654
-4.74377	0.342684
-3.2728	3.07314
0.298755	-10.155
-12.4848	2.21865
-0.066824	-4.02718
-6.11267	-9.27379
-7.34384	-2.96852
-2.49098	-3.24113
-0.94492	-14.1746
-15.3149	-13.1917
-14.4892	-3.00975
-3.06091	-10.5581
-8.74006	-6.44141
-6.19419	5.24674
1.41319	-0.797163
0.844823	-2.20745
1.0842	1.40646
0.229251	3.27835
-5.70587	0.594033
0.234344	-0.230585
-1.14489	-2.56262
-3.86049	-5.36646
-6.28255	-3.38528
-0.410502	-3.80966
-1.79	-1.84678
-10.9251	0.386129
-14.097	-0.545253
-0.15064	3.41595
0.451707	-5.99202
0.857046	-3.42877
-2.46153	-2.09048
-1.63252	-11.4144
-11.6853	-13.1933
-13.6376	-11.0641
-11.0267	2.22065
2.28936	-12.1172
-15.2503	0.822821
3.87187	6.65332
7.09652	-6.13127
-2.45319	1.4152
1.03151	-2.58529
-5.48954	-3.37647
-3.10675	-2.54293
-4.76332	-6.09453
-5.13329	-3.03931
-1.69949	9.10137
11.6599	-18.3968
-21.8341	0.585791
0.342842	-18.5954
-15.5969	-2.96732
-4.58179	10.9313
9.93609	-7.26556
-8.0233	-4.045
-5.80068	-4.49504
-4.96216	1.81961
-0.550792	3.49268
1.92781	-11.5995
-11.2082	-15.4033
-13.46	-4.88401
-1.60453	-15.3453
-11.8249	-18.1297
-22.5342	-2.05895
-6.83264	-3.97574
-9.57325	-7.15697
-10.1877	-3.69938
-1.68386	-2.03464
-1.08162	-5.23338
-0.481515	1.1532
-1.72827	0.351969
2.64663	-11.1808
-10.3686	-11.066
-12.6113	-1.93397
-4.66071	-9.04088
-8.42864	-11.3437
-9.08744	-17.6606
-12.2655	-11.7072
-7.07957	3.24204
1.29676	1.06802
-1.97549	-6.16425
-4.47495	-2.44002
2.14911	-4.91074
-3.3673	-0.450334
1.29019	-9.63959
-9.73135	-16.3724
-16.1549	-1.94586
-2.0077	-11.5218
-15.0406	-10.7609
-14.8939	2.51728
2.66904	-4.11674
-6.98907	0.319212
1.22814	1.94388
1.91316	-4.99727
-4.10969	-0.853509
-0.781802	-5.3859
-4.49043	-3.81789
-3.32801	-8.58877
-12.4487	-8.33802
-9.41958	4.14037
5.01596	-23.8372
-23.9851	-12.5453
-17.1098	7.94557
8.21195	-14.3966
-6.04266	-1.70507
10.7595	5.67626
0.557808	-2.36079
2.38286	-1.31141
-4.10047	-1.04979
-8.36954	4.02332
4.94508	-8.33694
-8.71112	-13.3579
-12.9006	-0.0796037
-2.35717	-20.0697
-20.3239	-11.0863
-11.6211	0.104447
-1.12019	1.55135
-1.41186	-3.39059
-5.6913	5.5254
5.1317	0.588643
-1.61663	1.15958
-1.00734	0.426185
3.32844	-7.94333
-8.92086	-13.9307
-13.8509	-2.90376
-6.5923	-1.11922
-2.57435	-20.7137
-19.7376	-8.7513
-10.2367	8.44323
4.56206	-2.15688
-0.743085	-1.31059
7.70787	-3.0108
-0.575287	-3.91479
-1.89236	-2.75494
-3.65571	-8.60064
-12.9955	-1.56102
-3.04018	-4.9024
-4.07985	-5.98635
-2.90511	4.06959
6.04075	-10.0808
-12.2588	-8.70683
-6.21529	-3.80977
-1.25054	-8.41757
-5.09479	0.184676
-0.527314	1.97828
3.47189	-3.38308
-2.06147	-5.96977
-8.36394	-2.41634
-0.538214	1.17043
-0.463869	-9.2743
-10.0091	2.00452
3.82294	1.13827
-0.264038	-5.70596
-7.53781	-4.64688
-6.26359	-1.20757
-0.896753	-2.8735
1.0308	-9.37956
-7.50121	-0.543422
-2.3855	0.144493
-0.375418	-10.1357
-11.2569	3.80802
3.57521	4.81171
6.86945	-9.79606
-7.50644	-4.72922
-3.79927	14.6875
13.7034	-16.8768
-16.7995	-6.52163
-4.84881	-6.83503
-7.55337	-6.8493
-4.58386	-2.77701
-3.64996	-1.11243
-7.23656	-7.3668
-0.92671	-3.97393
-4.62345	-0.0548006
-3.10627	4.2559
-2.233	-7.70945
-9.36333	-16.1141
-15.7227	-4.05128
-2.23088	-7.55273
-10.5808	-4.76288
-5.50312	-0.276032
4.04375	-1.49728
-4.51112	-8.11679
-1.41208	-8.57809
-9.26578	5.15417
-1.8747	0.996011
3.04166	-8.76382
-7.06342	-1.19259
-2.49609	-4.36811
-9.49068	-5.66918
-10.9323	5.91837
7.66875	-5.9908
-19.2685	-8.45596
-9.15183	6.04421
9.31781	0.302765
0.5631	-0.918762
-2.62339	-11.2375
-13.0928	2.04273
3.09247	-6.91374
-7.46584	-2.32003
-3.93741	-2.0064
-3.38135	-3.94679
-7.83569	-5.55827
-6.45624	-3.64403
-4.1653	-8.36976
-8.0095	-12.9048
-11.431	-18.6513
-13.3466	4.53922
0.648634	3.93061
4.22153	-11.9426
-12.043	-0.866589
0.943774	-0.172735
0.387252	-3.08125
-1.7357	1.02522
-0.678149	-7.9062
-15.966	-9.88168
-12.2074	-4.20167
-5.30599	-10.4295
-8.51114	-4.22783
-6.87908	3.56649
0.660154	-2.91419
-0.622911	-7.62112
-8.05631	-0.955674
3.42071	3.2093
-3.45417	-9.84124
-1.06603	0.0952974
-0.880873	0.142163
1.48265	-11.5072
-12.0855	2.78572
-0.459226	10.6794
8.93441	-5.86677
-5.76461	-6.22715
-10.3877	-7.88856
-6.34911	-6.74974
-6.00077	-15.1869
-6.7584	-2.55939
4.02063	-5.07001
-6.80942	8.28242
-0.385171	-4.38333
-0.351578	-2.00501
0.651769	-2.47483
-2.78374	-7.70476
-4.78085	-3.64627
-6.10927	-8.98309
-6.84187	-3.01351
-2.97203	-8.14007
-8.17388	6.20351
7.88433	-11.4377
-10.2443	-3.52701
-4.39939	-8.86142
-5.35188	0.170632
1.78661	0.833366
0.486766	-7.14787
-4.81407	-13.0262
-16.6085	-13.3525
-17.5017	-7.40608
2.25016	-3.54779
-7.69459	-6.47086
-5.59497	-5.71642
-1.65229	-1.08422
0.142348	-5.43064
-4.56124	2.4573
7.27233	1.04186
1.32457	-8.58684
-2.5269	-0.365738
1.63302	4.10166
4.70659	-18.267
-18.0251	-15.8897
-3.5492	-8.35568
-12.7063	-3.81001
-1.11145	-4.73278
-10.9764	-17.352
-13.0564	2.01003
4.74313	9.28049
1.44504	-6.80463
-4.05224	6.47723
3.78065	-4.82767
-4.4781	2.15965
-9.14235	-24.5748
-21.6916	-11.0118
-7.22182	-7.64666
-9.32022	-6.65987
-11.8079	-11.1892
-8.69427	-6.34195
-4.60565	-4.81263
-4.11025	-9.48777
-4.90893	-3.26197
-1.39212	8.42859
11.6187	-12.5204
-11.5416	-3.75605
-4.52469	-0.160646
-2.90254	-5.92119
-7.20642	0.766752
-5.26938	3.64692
-4.67599	-11.3527
-6.97498	-5.07754
-13.5876	-7.42279
-4.62113	5.86666
6.70792	-3.22169
-4.36998	-5.49409
-7.72287	4.15441
3.37289	-10.431
-11.4027	-3.38138
-7.84246	0.107565
-4.21651	-15.8872
-14.709	-1.60683
-4.92439	4.22727
3.0707	-13.8141
-9.58475	-16.631
-12.8256	-12.7622
-11.0004	-12.9661
-14.4789	1.97932
1.02491	-2.8499
-1.79331	3.31039
2.13675	-3.08957
-2.52903	-7.39075
-5.99345	-0.966074
-3.67912	-19.1356
-14.4959	-14.976
-13.7313	-0.865723
0.194984	-2.94413
4.79933	-11.2321
-11.9717	-1.96918
-11.5395	-1.51748
-1.75567	7.07883
9.21183	1.0303
2.10725	-7.61495
-6.97913	-0.779159
-3.47065	-2.9448
-2.07425	-1.41603
-1.99661	-7.35617
-7.57228	-13.4611
-11.5447	-1.42098
-2.46098	-13.4599
-10.5829	-8.56715
-10.3113	-16.6681
-11.1587	4.61345
7.6423	-0.244405
-1.46677	-20.0383
-15.4959	2.99374
2.63053	-3.73043
-3.10283	-2.70785
-3.68479	1.28198
-1.87219	-7.47766
-8.49398	-7.58494
-10.0287	2.2511
-2.25875	-6.26227
-5.74169	-8.93054
-9.42425	-12.0557
-11.8795	8.75327
8.76799	-0.494601
-0.255086	-12.1101
-6.02998	-2.49902
-3.12105	5.93327
2.0941	0.235993
-1.90854	2.0596
-0.0157683	-23.9326
-20.4995	-9.80077
-14.2253	-3.64576
-2.8721	-1.68135
-2.27927	-11.7226
-9.70248	-0.191931
-8.92043	-2.18471
8.24512	4.24366
3.13547	-4.79743
-2.48271	-10.2255
-10.8033	0.340349
0.565678	-2.67629
-0.325945	-3.15966
-5.55365	-5.7998
-5.88399	-6.86051
-8.57998	-7.20624
-6.63479	-4.13311
-4.08741	-5.85701
-8.33794	-1.54237
2.93124	1.96867
-0.225522	5.51666
-2.67583	-4.25525
-4.24736	2.22711
1.50556	-1.11173
-5.23582	-2.3958
2.7535	-1.40466
-7.05351	-5.28778
-3.06668	-15.9113
-13.1173	-2.07917
-6.31918	-14.4357
-13.8914	-0.693375
-1.13872	-9.72963
-6.71067	-13.6824
-14.1373	5.273
6.97845	2.34246
1.09007	-0.886015
-2.05888	-6.77632
-8.29834	-3.95251
-0.114727	8.72536
6.64868	-7.53615
-7.13247	-14.041
-13.4796	-7.31128
-2.97675	-6.80596
-10.4914	-5.62622
-12.0369	-8.14809
-5.93414	-3.12512
-4.06986	-8.13261
-6.36635	4.83125
3.89708	-7.27139
-1.36389	-6.6607
-6.65265	-2.66767
0.491041	-0.725579
-0.723117	-9.13795
-10.1551	-5.47998
-8.37166	-0.0539588
-1.18855	-15.4278
-11.341	-17.0579
-10.8733	-8.6548
-7.73193	3.39892
-1.23712	11.1451
9.67393	-14.4829
-9.84283	-14.0915
-14.303	-3.18399
-3.40427	-1.1132
-6.73952	7.64692
-1.73271	-9.64401
-11.0189	-15.5442
-14.2534	-7.08319
-8.0373	-18.2177
-12.7156	-7.18653
-5.99329	3.35266
1.4181	-2.94232
6.95524	1.91827
6.69195	6.851
-1.02007	1.69815
-3.39451	-6.12633
0.564934	4.49736
4.63499	1.9825
-1.8452	-7.29145
-3.85537	0.828768
2.40197	4.2904
0.856803	7.25313
-7.73648	4.91664
2.14889	1.95614
1.11274	-21.8821
-21.2642	-11.9911
-10.7545	-0.504107
3.41234	-10.2594
-11.8617	-10.1093
-5.75309	-0.223668
-2.8542	-1.19671
-3.6158	-3.50594
0.216927	-2.46699
0.0705829	-1.81493
-1.64141	-5.18991
-6.32572	-0.251854
-1.83147	-2.0005
2.11968	-5.95493
-5.58763	-1.2884
-2.0191	5.93648
4.88371	-15.1705
-15.2013	-2.21122
-5.58801	-6.61426
-3.27184	-1.42487
1.52442	-1.65316
-2.44473	-1.18122
-6.48847	6.78234
10.744	-14.0249
-8.17185	3.44885
0.801894	-1.2307
0.285943	-11.2729
-10.6869	-12.6456
-12.1178	2.85519
2.16859	-6.77539
-8.21248	-9.73512
-11.1938	-7.43795
-5.94924	1.10212
-3.60928	-9.81747
-3.0165	1.22261
0.146234	-6.98858
-7.28056	1.60816
0.864627	-3.8997
-3.7083	-4.23551
-6.45736	-9.06916
-6.51498	4.05476
2.08315	10.0785
8.49039	-7.8047
-10.2495	-8.39801
1.96415	-7.71927
-5.75902	-3.35083
-0.710025	-4.6674
-4.20249	-2.40439
-2.10004	-3.57482
0.162192	-10.5755
-13	1.62555
0.404168	-4.95608
-1.4424	-13.4775
-13.7459	-13.7136
-14.5429	-5.9354
-5.60857	-8.1038
-6.93593	-11.918
-15.1644	-1.38429
-4.97938	4.21281
1.43554	-2.19554
-5.73212	-3.69357
-9.46018	1.65727
-2.56203	-3.31008
-3.14692	-7.11331
-7.41351	-4.13675
-3.55981	-5.66341
-9.15657	-0.382076
-1.21358	0.108434
-6.23832	2.00563
-5.29597	-6.65916
-0.18417	-4.11857
2.51343	3.54262
1.54862	-2.0517
2.29113	-1.69749
-10.9894	4.204
5.83347	-7.76453
-6.86143	-0.0839836
2.33721	-2.41511
-3.47157	-8.73562
-8.28058	-13.009
-8.47644	6.43143
5.32976	-3.50753
-3.14329	-10.8165
-10.6138	-4.42531
-8.2877	-1.10864
2.66224	-4.6492
-4.13007	-6.11967
-10.7355	-6.30833
-1.33932	0.877739
-2.66933	-2.99996
0.402149	5.50593
-1.07303	-10.6355
-4.49617	-5.31249
-5.49247	6.05056
9.62815	-5.53806
0.388026	-7.34825
-6.57229	-7.10747
-0.0254775	3.99985
4.79685	-0.25713
-5.67903	-3.01393
-1.80532	2.12215
3.43115	-7.78231
-5.24007	-4.19035
-4.27113	-8.65117
-7.24252	-6.57872
-7.59148	-14.5221
-14.4238	-6.04987
-5.06458	-5.85044
-6.29612	-11.2628
-10.7686	-1.80825
1.59695	3.9342
-3.49974	-3.47447
-3.23248	-5.76123
-3.09053	-5.99478
-5.80221	0.409008
3.55111	-3.58021
-1.13432	-4.82783
-1.5498	-6.08417
-5.74812	-4.58568
-3.73976	5.82695
5.7762	-20.2876
-16.2466	-6.31728
-11.5837	7.24355
-1.34231	-9.56539
-14.8556	1.25988
7.53733	-1.17068
-0.59622	-0.217772
-6.57339	-8.60466
-2.77934	-2.65993
-0.336265	3.6112
2.34945	-11.3878
-11.1655	-18.3379
-16.81	-3.71566
-0.985246	-16.2314
-19.8914	-7.67995
-13.8441	6.48927
3.2999	-7.59219
-8.09192	-1.09361
-1.66449	-4.91396
-6.11227	-8.60306
-10.624	-6.09978
-5.15634	-2.73022
-1.99471	2.14719
0.833968	-5.51564
-1.63844	-0.497654
-4.64241	-5.49191
-6.22022	-7.18087
-7.35712	-1.38923
-0.233964	-5.57274
-2.61137	1.18634
0.699972	-2.69633
0.123978	-2.88089
-0.429533	6.19215
0.378739	-7.33066
-9.28607	-17.0211
-17.3315	-8.94106
-8.95042	2.72962
1.5007	-6.57002
-7.04499	-7.4742
-8.13452	6.03695
8.95492	-7.94311
-6.10222	-8.97361
-11.5239	-0.869259
5.42108	1.38595
1.34645	-0.658002
-4.82315	-0.685928
0.816773	-6.83363
-11.3096	-4.82474
-3.74337	-6.56419
-8.3556	-3.77307
-4.35474	-15.3406
-13.9882	0.557448
-5.16269	8.77298
0.424474	1.90855
-3.32309	1.06389
-7.39805	-1.86121
1.967	2.58633
-5.86532	-6.60898
-1.50536	-5.79142
-5.69391	-9.93174
-9.08633	-4.78462
-7.76774	-8.3662
-8.33294	-3.93528
-4.29451	-6.76137
-4.06682	-4.83381
-7.33371	-9.21955
-7.03223	-5.92217
-4.06941	-3.65691
-0.802833	3.50762
5.09119	-1.05476
-2.39331	-9.87519
-9.63889	-0.942116
2.37352	-5.02576
-3.10732	-7.08618
-3.58441	9.19539
4.7192	-10.042
-19.8031	-0.892883
-1.09804	-23.9137
-26.1898	0.409157
1.50493	7.25451
7.58095	-0.652639
-8.31679	-6.97751
-9.54411	1.13364
1.30372	1.33383
1.76754	1.65835
1.6436	-10.7755
-9.79074	-14.7199
-14.6135	-16.8785
-15.8237	-6.8953
-6.92476	0.413531
-2.32571	-8.02307
-6.20699	-10.0558
-10.6356	2.002
-2.50635	-4.88754
-0.0558681	6.28194
6.11024	-1.22288
-0.651225	-7.16326
-8.96619	-1.64264
1.10849	-6.85225
-9.58286	-17.0029
-18.5127	-11.5464
-10.1147	0.447106
-4.19243	0.635723
1.68799	-11.1727
-6.9961	2.58231
-0.776323	8.12742
4.42584	-15.6576
-14.3262	-1.29014
-0.981743	2.35608
5.09295	-7.89372
-8.1373	6.58175
9.58872	-10.7444
-8.20504	-12.521
-6.35416	7.25743
6.4756	-8.25366
-14.0554	-15.2556
-8.57882	-7.50038
-6.74586	-5.17063
-8.019	6.86551
3.50278	-1.67131
-5.63133	-3.89121
-1.72028	1.90831
0.849412	-5.54251
0.350707	1.56997
3.36487	-11.1458
-12.0993	-9.02711
-7.33983	3.67864
1.85994	-21.0099
-21.3524	-9.43793
-6.9796	1.46001
-2.89163	-7.79823
-8.81805	-1.84864
0.0512241	-2.87306
1.68263	-5.25813
-4.57603	-6.47818
-1.43293	-3.14128
-4.94203	0.472247
1.81411	-3.20919
-3.6569	-1.81512
-1.9648	8.1609
7.39773	-6.09923
-6.87531	-2.21628
-8.02315	-7.20984
-6.04227	0.0749599
-3.64046	0.562885
-1.15234	-7.08133
-6.52006	7.25738
2.04035	-15.7586
-15.2934	1.93026
4.07096	1.72152
-0.588247	-8.39044
-8.76245	-7.49658
-8.19429	-3.007
10.0728	-12.9946
-6.867	-9.40406
-9.84668	-12.6804
-8.85457	-0.752506
-0.764762	2.53105
-0.666681	-1.8566
-3.15494	-2.30644
2.86678	-10.5897
-6.1679	-5.77173
-6.40986	-5.06973
0.664586	-6.27149
-8.56897	-3.09034
-3.61458	-8.92674
-2.57489	-5.35891
-4.30886	-4.19394
4.17875	-2.81267
-5.16666	-2.47207
0.67964	-0.591282
-4.24499	3.4465
1.39771	1.89023
-4.0577	-5.17044
-6.34584	-2.4953
-3.38048	-4.10994
-6.87426	-7.21419
-9.27897	3.7838
3.85421	-0.988321
-0.944346	-20.225
-20.6189	-13.0323
-12.9097	-2.11724
-2.32339	-0.771079
-0.68334	-7.20523
-5.80311	6.37018
7.58147	-3.6501
-5.24378	1.26999
-1.2287	-1.18172
-0.180211	-6.35857
-9.62339	-17.779
-18.1549	3.79836
2.44932	0.900358
-1.71397	-9.36419
-14.9216	-10.0184
-9.46131	-5.65028
-3.00947	-2.23866
-3.67901	-0.713832
1.51892	1.74315
-0.446103	-6.59994
-6.72921	-5.74748
-9.96493	2.82083
0.263941	-4.74891
-2.4391	-7.47798
-6.85948	-6.91137
-8.37559	5.2482
5.33698	-20.8032
-22.68	-4.90836
-8.70895	-8.86384
-6.77456	-7.48176
-3.29268	-2.67543
-5.64641	-3.52458
-0.914717	1.15808
-7.20993	-2.32354
-2.31615	-8.72043
-7.63503	2.82188
2.89991	-9.67305
-9.69412	-14.2037
-10.6475	-12.6356
-9.06521	-9.52146
-11.8849	-2.74933
0.0496941	-25.1438
-17.3185	-5.18887
9.70622	7.26383
-7.89729	0.94188
0.385959	-0.254676
-4.49532	-5.39266
-1.55748	-3.26285
2.64081	0.863049
-6.31085	-21.297
-22.7282	-15.664
-8.04794	5.8138
8.09707	-22.1168
-24.1058	-8.73957
-7.70339	-6.63278
-6.11738	-3.37053
-4.13442	-7.60888
-7.54211	-5.20165
-10.0486	8.73841
4.42226	-6.11378
-3.83901	-2.57104
-1.3835	1.89537
-0.224794	-10.8165
-10.7658	-13.7895
-12.0834	-10.7696
-10.5347	1.2053
1.72573	-16.6821
-15.8444	-8.66622
-8.53732	-3.17282
-2.80112	-0.677442
-1.3104	0.313211
0.540355	0.329662
-0.826486	-3.89372
-5.68515	-1.09523
-1.90463	-5.19967
-3.09031	-8.55676
-7.3134	-7.71892
-10.2849	-3.90404
-4.19459	-6.13247
-7.31725	-5.50256
-5.98352	-5.45873
-4.18153	-10.0816
-11.5182	-4.50416
-2.74459	-0.740524
-1.30404	-1.70017
-8.62981	1.74463
2.91884	0.197702
-4.61617	-1.53658
2.22608	-11.176
-11.8535	-7.29165
-6.9603	-1.55169
-0.774725	-14.1199
-10.9016	-11.1252
-10.8729	2.91917
3.24351	-2.17906
-4.40194	-2.12767
-8.43532	3.68292
1.15168	6.11427
1.92148	-5.29636
-6.01975	6.8805
5.9252	-1.51012
1.97725	-17.7595
-15.4838	-9.57175
-15.9146	-6.2606
-6.42054	-10.4418
-11.6358	-9.04363
-15.9297	-9.09342
-4.42009	5.38473
2.80108	2.76376
4.36924	-12.7652
-10.872	1.19679
1.60274	3.9023
2.79401	-2.0961
0.999475	-1.89889
-1.56716	-10.0341
-18.4127	1.34004
-6.47018	-4.50511
-7.0115	-11.553
-8.01401	-12.877
-13.4829	-3.44866
-1.29835	-4.34716
-1.57013	-5.90816
-8.72716	3.1471
-3.56895	-6.31278
3.40574	-4.65554
-16.0713	-7.99377
-4.69283	-1.55146
-1.00646	-7.14812
-6.04735	-13.3863
-13.5928	-1.84182
-5.82941	-11.6161
-13.7757	0.221085
-2.80388	-8.54594
-5.93445	-14.0006
-15.5187	7.45024
3.25469	4.46178
1.31724	2.43118
6.38299	-8.36271
-8.8833	-9.88424
-8.40621	6.24321
7.00934	-5.93176
-6.13213	-11.0907
-13.679	-17.6762
-17.6446	-8.54407
-9.00176	0.692183
-3.53473	-12.4856
-13.5917	9.23749
10.7414	4.65702
3.34809	-10.0763
-9.61164	8.07331
9.45171	-12.8446
-11.5529	-8.19367
-5.38621	1.68413
-0.69119	-10.7528
-9.12484	-0.330932
1.99974	3.65628
2.87729	-23.4907
-24.1423	-3.15434
-1.13835	-2.50389
-8.30582	-3.69718
-2.32019	5.93639
3.77553	-2.20015
3.32212	-4.57387
0.53346	-9.59491
-3.04044	-4.27563
-7.16698	-0.843836
-1.08005	-2.19829
-2.88177	-1.22835
-1.69923	0.858975
0.806767	2.33413
2.6801	5.61655
5.82273	1.09934
-0.825671	-4.29152
0.766772	-19.1001
-17.9634	-16.9989
-15.711	0.741566
-1.54248	-3.5914
-3.46874	3.81243
0.566359	4.72122
-6.59699	3.2218
-3.86599	0.222531
-5.06915	0.505871
-1.98994	-3.07911
2.8126	6.34789
-0.633659	-2.61264
-1.25096	-8.58022
-3.65856	-16.6043
-8.12206	-5.76141
-7.15044	-3.58454
-1.71291	-6.39555
-4.21863	-15.2242
-14.8285	-12.6839
-12.2095	0.969717
7.3577	-2.02396
-2.78293	-15.0586
-15.7474	3.39983
1.89655	-6.20583
-10.6584	4.3687
3.24272	-2.46212
0.0555135	-12.2864
-16.1747	-7.3746
-10.8433	-12.433
-2.60734	-0.148957
-3.31969	-0.391496
-5.65784	-3.13763
5.42466	2.93251
3.10084	0.0721005
-10.3106	-4.9853
-5.46957	-2.16192
2.07959	2.50471
-2.26201	0.28081
0.834069	-5.01179
-2.79194	-11.1978
-11.7342	-14.902
-12.9445	-5.28016
-4.69232	-14.6569
-15.9909	-9.55363
-8.70875	5.6412
2.05736	-9.97765
-8.84001	-2.97336
-7.53309	4.1597
-2.42632	-1.54436
0.603493	-8.02788
-10.3128	-4.8782
-4.38882	-9.06884
-5.77632	-5.6607
-4.50389	0.109454
-8.35073	-0.470739
-3.97109	-13.8865
-12.4262	-13.4053
-13.986	-0.393556
-1.99959	5.37002
3.00832	1.97056
7.05399	-8.01022
-8.8593	4.315
-1.46195	-2.03475
-7.0858	1.05701
-3.70587	-4.9233
0.943902	-18.0948
-19.726	-11.2987
-11.9737	7.84587
10.199	-20.0525
-26.4273	-10.3258
-6.47618	-9.8474
-9.21947	-8.79517
-6.31113	-4.90316
-4.09191	1.54367
-5.47223	-3.53534
3.91405	-0.28475
-13.2738	-0.163295
-0.298322	2.60565
5.7892	-13.4325
-13.5682	-17.2895
-18.0632	-6.82711
-6.30994	-6.72847
-6.47494	-6.26956
-8.15978	2.74082
2.05197	0.21568
1.96573	-12.1407
-13.005	5.8971
7.37492	-3.02589
1.66688	-2.9744
-5.73123	-9.97805
-12.4893	-0.959181
-0.32666	-6.3463
-9.42656	-1.26661
-0.595515	-1.07892
-0.422805	-17.3186
-16.6646	-10.2621
-12.1755	-0.965991
-0.339339	4.81204
8.35577	-12.7501
-12.9658	-12.8037
-12.0473	1.83776
-3.70898	-8.08778
-9.46576	-3.18972
-2.26991	-0.235148
1.10789	-21.4492
-24.948	-3.93274
-4.25732	-6.31053
-4.74996	-5.06488
-7.17783	-5.34934
-4.63257	-1.25549
-6.90629	4.57323
4.26959	-2.12804
-8.55435	-2.44769
-6.49971	-7.97247
-3.99644	-5.97145
-4.47116	1.13229
0.25656	-5.51618
-3.13578	-7.7792
-8.08685	-6.62099
-3.00169	-7.65772
-8.30435	-3.84762
-0.255042	-9.63532
-9.07765	-5.71178
-3.92686	-3.74848
-4.11072	-4.4314
2.59001	-2.01224
0.153479	0.0648545
1.96853	-1.80683
-1.03217	-5.86658
-3.72097	0.0861633
1.50349	-9.47146
-10.1947	-10.4766
-10.8581	-4.42686
-2.65506	-9.81932
-9.25867	-0.471375
-2.07341	-13.0798
-15.3259	-3.52983
-6.1704	-0.241592
0.114173	1.47398
-1.42811	-3.31132
-3.26276	1.6323
3.78093	-3.27217
-1.86076	-2.90381
1.01517	-12.4606
-13.6197	-8.11369
-6.38355	0.669744
0.47995	-12.922
-14.2358	-12.6615
-13.3532	-3.10075
-1.04751	-1.96816
0.723507	-1.30553
-1.59099	-7.94594
-8.49744	-3.3863
-5.64424	-0.751538
-2.89294	-1.22749
-4.43627	-2.14177
-1.98533	-3.46219
-4.18306	-9.96002
-8.83726	-10.2932
-8.61296	-11.3145
-7.94512	-9.39773
-13.2382	-13.2215
-10.1029	2.74597
5.14533	10.7005
2.04703	-16.6925
-16.6262	3.10013
4.81062	-8.34391
-8.81303	-2.61359
-3.26364	3.7844
4.40346	-13.0891
-12.4751	-13.4898
-14.318	-1.75596
1.0404	-21.4453
-15.9282	-4.58904
-2.59089	-3.47819
-6.94145	10.0929
4.50743	-15.8642
-4.85365	-8.7585
-7.9034	-0.953247
0.572303	-6.19808
-7.89341	-4.1299
0.562403	1.48869
1.36626	-14.2208
-15.5786	-13.6934
-15.0157	-2.32407
-3.25414	-9.54269
-10.2634	-1.82562
-0.0259701	-1.30596
0.520127	5.62295
-4.98816	-7.09393
-5.25604	-6.69868
0.327397	-3.62235
3.07547	-0.162381
-8.45232	-14.1545
-2.5494	1.5796
7.54482	0.371183
-5.12649	4.97977
-3.49697	2.7936
1.24173	-1.72643
-1.23603	-9.96688
-10.9833	-15.7769
-15.3101	-6.58339
-7.52877	-5.27525
-5.67207	-6.35539
-8.44087	-4.72488
-10.0212	9.45199
4.63565	-6.027
-4.35105	-1.99707
-6.37937	-7.58208
-2.86729	-3.88167
-5.89847	1.12682
1.30101	1.94335
2.46233	-13.8301
-13.2732	-13.6788
-11.7483	-3.77819
-0.0207463	-13.1684
-13.1719	-15.6179
-17.3716	-7.63894
-4.07845	-1.7145
-4.362	-2.38672
1.72856	-0.773693
-0.95773	-3.24951
-1.62332	0.686244
1.74327	-1.74383
-4.12186	-8.01948
-9.65509	-14.2115
-14.7155	-3.60083
-7.2058	-2.74584
-3.06518	-20.232
-15.8815	-8.59135
-7.49456	1.9665
-0.86902	3.65974
8.66383	-11.4356
-14.2365	-13.457
-13.8322	1.91797
0.585858	-12.5032
-9.2575	-3.84513
-8.07336	-2.2448
-0.972978	-14.7275
-15.435	-15.193
-17.0105	-3.64181
2.54692	-8.98909
-1.84477	-7.02035
-12.0055	1.65228
0.847916	3.68832
6.81231	-3.35609
2.56405	-1.59867
-5.18829	0.221382
-4.00637	-5.25727
-3.61466	-1.09584
-7.77746	0.106259
-2.72068	-4.00935
-4.53601	-10.963
-9.1681	6.71006
6.69812	-11.0762
-10.3688	-8.78407
-7.29352	-15.7551
-14.7097	-3.91305
-1.0746	4.66215
2.61465	-4.8282
6.95631	5.97975
0.819601	2.43838
-0.563439	-8.11944
-2.63769	-1.22253
3.99163	-25.5734
-24.2475	-3.13912
-6.3344	-5.75853
0.63187	-2.86854
-10.0969	-1.27792
-9.80364	-4.37027
-5.60018	-7.75424
-9.96022	1.35168
5.7651	-1.47939
-3.59112	1.31802
-2.56374	2.27227
2.19699	-8.71714
-6.92449	-3.31665
-0.467462	-12.3614
-13.7633	6.08167
4.296	4.29922
6.49617	-22.2273
-16.7987	-18.3683
-13.1432	-11.3541
-8.25275	-9.65257
-15.8071	-1.40217
-5.30026	-3.55062
-5.27021	1.18782
-4.25869	1.51413
-5.21678	-3.5145
0.917275	-2.57126
-1.31209	-4.24282
-6.16947	-5.11541
-5.51225	-6.41222
-0.0822258	-7.98739
-3.63038	-5.32968
-4.61399	-8.37497
-9.99182	14.4237
13.2511	-14.3018
-10.7303	1.54379
15.5371	-0.0599813
3.96753	1.96136
-1.10625	2.3965
0.045266	-2.90257
-6.22274	-22.6279
-13.1943	1.96261
2.69	4.02098
4.45582	-20.3368
-22.8115	-11.7185
-10.9038	-8.61301
-10.4588	-5.65864
-7.47161	6.05947
0.00962441	-4.89973
-4.14897	-8.75255
-1.08346	0.468579
1.78814	0.580055
-3.58048	-6.63032
-2.11954	-16.3317
-18.0975	-16.1699
-6.74035	7.24832
4.70655	-9.07521
-13.2393	-7.97802
-6.36199	-23.0453
-22.5225	6.57174
8.88757	-0.267945
-2.96659	-5.31649
-7.14474	-4.68392
-2.91447	-7.63797
-5.54097	0.426985
1.56063	-1.31909
-3.33621	-4.85959
-3.77499	-10.6622
-8.20309	-2.22395
2.02951	-2.21406
-4.03723	-4.85322
-0.362575	-7.00289
-0.871832	-2.36671
-2.23831	-2.79333
2.36475	-6.85129
3.87017	8.33195
-4.36812	-7.16849
-5.76099	-6.73289
-9.25202	-0.873504
-2.68422	-0.78486
-1.67855	-5.94458
-7.2959	-8.60213
-8.11027	-16.6903
-16.984	-3.8435
0.540876	-7.93953
-4.41169	-5.34987
-6.94211	-8.43995
-7.91499	-12.3222
-13.248	8.90656
6.51241	1.40646
-0.958367	-11.0678
-14.274	-3.26685
-1.42683	-6.61561
-9.9487	-5.03317
-9.76746	0.780792
5.81773	-2.1504
-3.6534	2.18615
-6.30046	2.74655
-4.97732	-4.26366
-3.01296	6.92732
6.44418	-15.4027
-19.2648	-0.239444
0.198894	5.34572
5.73472	-1.86712
-2.63239	-1.77331
-0.644709	-12.9206
-12.7197	-15.4256
-10.036	-3.35878
0.98387	-10.7135
-20.2226	-10.6707
-13.1018	2.41907
-1.48843	-1.0467
-0.507351	0.403334
-6.55926	-6.50512
-9.69833	-5.86976
-2.03145	2.28075
-1.6522	-3.69109
-12.3692	0.169155
-1.61837	-6.52655
-6.56021	-6.96292
-6.59354	6.68636
4.97475	-13.4036
-11.6122	-6.45721
-6.73623	-5.82412
-9.75555	0.189015
5.81859	-3.50887
-5.97027	-11.5069
-11.0798	-1.09756
0.035356	-0.330327
-2.07386	-4.14403
-4.48112	2.1788
0.284153	-9.38645
-12.5598	-2.11496
1.95036	2.69405
1.15564	-22.6558
-21.8661	-6.65083
-8.83095	-10.855
-9.05308	-9.16436
-9.34478	-1.33719
-2.38135	2.27944
0.239207	-3.54586
-7.38187	0.126797
-2.08048	0.984617
0.339699	-5.0924
-2.0481	-12.338
-11.2556	-15.4127
-16.0783	-6.13564
-6.52579	-11.2784
-10.9731	-8.76167
-5.6087	-21.6402
-23.287	3.13703
-3.65838	13.954
15.614	-9.76759
-1.23303	-4.42361
1.62523	4.28372
3.40016	-3.43059
-1.2576	-1.10383
-1.72828	-19.2966
-19.5924	-12.3681
-16.7065	-6.56314
-6.14191	-12.1593
-10.3384	-3.76739
-6.43682	-3.65781
-6.73752	-5.88339
-3.64757	2.58091
-1.11121	1.85671
-1.66624	-5.8671
-7.34977	-6.76149
-3.47834	1.16325
2.35306	-2.56166
-1.64423	-6.11469
-6.3289	-3.87321
-2.08282	8.38094
7.42588	-11.3037
-9.68468	2.61172
-0.0978835	-3.3832
-2.33496	0.33687
3.65965	2.44015
5.20082	-2.52045
-10.1165	-0.627298
4.0519	-5.1967
-1.5596	-4.34542
-3.39363	2.86828
3.60917	-10.7974
-10.5928	-12.0001
-11.9927	-14.5997
-12.8452	-6.28384
-10.388	2.55639
2.74643	-16.0318
-13.4951	-2.41591
-4.63491	2.96254
-2.37655	-1.8911
1.45627	2.53736
0.303735	-1.85574
-6.14764	-4.63252
-6.99072	7.52449
5.13722	-6.08283
-6.29291	-11.5763
-15.3266	-13.9482
-13.4241	3.81334
3.47053	-5.87192
-5.37373	-8.03189
-6.9015	6.45335
5.54464	-8.90001
-9.05285	-15.3998
-12.9824	0.656234
4.33673	-5.82827
-7.33612	1.23933
3.47591	-2.9188
-3.4444	-16.3877
-15.2778	-11.2816
-11.5982	-2.86498
-1.27972	-13.8377
-12.8362	0.550933
2.97043	-1.84796
-4.05623	3.51591
9.86882	2.53992
-2.38403	-8.27706
-1.67223	0.260454
-4.05777	4.07531
-2.99725	-2.34121
-0.158793	-3.47238
-0.835075	-4.50843
1.33258	1.9841
0.878623	-1.45571
7.32732	6.56125
-6.17476	-6.72301
-2.63665	-7.79862
-7.30428	7.39493
8.76989	-0.0890213
0.19179	-19.5245
-21.6715	-8.91108
-8.43888	-8.11966
-7.11468	-5.96474
-4.77183	1.2529
1.48809	4.87658
4.03473	-1.29271
-1.26087	-13.578
-13.1817	0.647105
0.355225	-7.90673
-12.562	-9.993
-10.3476	5.66413
7.99143	-1.56877
-3.16211	-3.72443
-0.613821	-5.74954
-5.10528	-4.65902
-1.50319	-3.11484
-7.56398	-4.5817
-3.99229	4.79071
5.18806	-7.78177
-9.21424	-9.23144
-6.84967	3.1259
1.00027	-4.4784
-2.50621	-14.863
-14.6207	-0.805895
-1.04155	3.17838
6.17304	-20.6219
-19.8827	-2.95692
-5.17934	-11.2956
-10.6811	-5.48217
-6.1677	-2.16002
1.77707	-11.7522
-13.3324	1.93499
-0.199293	-8.19827
-3.86119	-14.4746
-10.1026	-6.59989
-4.71188	-12.8835
-16.2499	-20.8282
-10.742	6.13653
1.14519	-10.0631
-8.84179	-19.4453
-16.4038	-0.205263
-4.69508	-8.78371
-11.9994	16.7302
12.2211	-1.77121
0.932984	-4.38071
0.823174	-6.44898
-1.48302	-10.3444
-8.50215	-0.852056
-0.708017	-2.37275
-11.6156	-7.80224
-11.7272	-1.00779
-3.54695	-7.11387
-5.69092	-6.16393
-3.52832	-0.203551
-8.47357	-2.51834
-0.998638	-6.28041
-1.92394	-1.27369
-2.47165	-0.488224
-4.03425	5.23224
-1.42285	-5.44228
-4.68471	3.5933
3.17333	-9.91389
-10.5336	-17.8079
-16.8414	-12.6123
-12.3144	0.597853
2.13982	-4.07415
-4.81278	-11.5768
-10.9367	5.06338
2.72402	-9.59086
-4.80998	3.27642
-0.828437	-1.52738
0.0206481	-3.18075
-1.44428	-6.89581
-5.83715	0.822539
0.284507	-7.0477
-8.73941	-13.7515
-13.2736	-15.3712
-14.6419	0.00782597
-1.8121	0.614007
4.1249	-19.5107
-18.5996	0.849982
-2.14011	10.6683
11.3653	-4.10174
-1.35834	-1.73408
0.144911	-6.47341
-4.41255	2.83959
-0.827221	-0.391657
0.267006	-2.06517
-3.56969	-5.40314
-6.03122	-14.1252
-17.4451	-9.90338
-9.17723	1.03798
-1.06176	-19.4638
-19.9702	1.01133
0.371124	12.3709
14.5088	-4.4743
-1.39269	-1.83923
-5.42881	-1.1203
-5.71838	-4.58802
-2.11414	-2.61715
-1.39197	-10.301
-9.42315	-14.7567
-15.0445	-8.1592
-7.95248	-1.66441
-1.68951	-7.99247
-8.2227	-10.9727
-11.0356	-10.0518
-9.37387	-2.99643
0.566276	-4.02363
-3.44529	-0.431796
-2.16429	-5.33352
-2.13879	-5.55286
-3.31427	4.79602
5.57733	-1.79167
-3.33664	-16.949
-17.3414	-1.23141
-4.35569	-13.3754
-12.4907	0.541851
-1.79541	-16.6933
-11.5891	4.61233
-0.131906	-5.54978
-5.44021	-18.3035
-18.0843	4.02251
6.73389	-0.534122
-0.418398	-3.40593
-2.41186	4.80728
8.80381	-9.49692
-7.85321	-10.6957
-8.27465	1.77919
0.184679	-6.10135
-6.43364	-11.32
-3.13048	-6.73577
-3.88776	-10.4425
-5.34645	-3.95745
-3.36885	-15.7214
-15.4171	3.77013
-0.0578373	-0.265146
-3.37021	6.33058
-1.09448	0.479836
-1.62256	-5.89548
-6.52962	-3.9805
-5.23415	5.57017
8.7394	0.617526
2.34167	4.10762
-0.6468	3.48351
-1.90378	-5.26369
-2.75556	3.4394
4.52386	-0.554032
1.68038	-7.4682
-3.41264	1.81147
1.70597	-1.84967
-5.52179	1.08849
4.78777	-3.41663
-2.60837	-4.56804
8.50929	0.978967
7.11197	2.02959
5.08997	0.644866
5.01022	-0.315123
0.676798	-17.6569
-3.37968	-8.61787
-5.96792	-7.99494
-12.1559	-17.1566
-18.0423	-3.49197
-3.80067	2.55346
-3.27941	-10.0159
-8.51212	-3.03436
0.954342	3.06956
-4.009	-3.58501
-1.55945	-6.71471
-10.0216	-1.28217
1.62749	-4.66146
-6.16162	-11.0609
-11.4145	-14.691
-14.7501	-3.80858
-4.95935	-4.38301
-3.82625	-14.2925
-13.0999	-1.8332
-3.08488	1.45875
2.98185	-5.64789
-5.55917	-7.09209
-6.52922	1.57014
-0.120098	5.04776
1.96453	-5.90494
-4.4461	-1.53847
-2.18432	-17.0372
-12.7631	-4.50819
-5.01388	-2.94152
-4.098	-7.5237
-6.54003	-11.4478
-10.4736	-15.2036
-17.457	11.7331
12.095	-3.02485
-4.11604	-4.35967
-2.85868	-10.6076
-10.4032	-0.136283
-1.36568	-0.434492
-0.144037	-2.56244
-3.60087	-10.6672
-9.99814	-11.4841
-11.1774	-8.07847
-8.31489	-4.66128
-5.1184	-11.3678
-10.9007	-17.3337
-15.6564	9.44628
12.2544	3.35874
1.98078	-12.0889
-12.0515	0.244529
2.69456	-12.3151
-13.8587	-1.32097
1.44439	3.17971
1.01222	-14.0725
-14.3031	-4.36111
-5.21558	4.60975
6.84491	-21.2555
-11.8782	-23.7968
-14.5482	-7.77801
-1.49131	-15.218
-9.3651	-6.38246
-5.66991	-2.70154
-2.29665	2.83346
-1.78023	4.80401
6.60443	-13.77
-12.3076	-0.980071
3.57327	-5.6438
-6.17773	-16.026
-16.6994	-16.614
-16.5561	-2.26092
-6.13143	-1.97854
-2.97873	-7.90809
-4.63507	-14.133
-12.9395	-6.8346
-6.35632	-7.3212
-9.50423	0.271458
-3.12473	3.28866
1.92589	-7.34243
-6.24792	2.41995
3.11331	-5.72349
-6.61054	-13.6073
-14.3885	-18.1861
-16.0814	-6.66911
-5.59811	1.35134
-4.42211	-12.5016
-10.6735	5.78424
8.27839	4.9711
0.0284123	-7.97419
2.21204	0.0309318
1.48146	-9.95496
-6.78209	6.45774
4.86727	-8.92663
-4.87684	-10.0805
-10.0466	1.86523
4.49084	6.44442
9.99916	-6.91118
-0.334356	-2.18465
1.26413	-4.13081
-2.1621	1.29937
1.48423	5.33826
-2.60985	5.82689
4.60316	1.77583
0.390836	-9.92337
-2.29621	-11.1104
-8.08906	-1.7758
-5.28906	-6.96667
-5.76389	-8.79189
-8.14098	-0.368254
10.1425	-15.5591
-19.0201	-3.81209
-4.56952	-3.83269
-1.39406	-14.3777
-15.7785	-2.64192
-1.11306	-4.36994
1.80441	-11.6717
-6.42029	3.67155
0.506438	-7.04264
-5.18456	0.99127
-1.37029	-14.0113
-13.5453	0.00721606
-2.81749	5.40622
6.26139	-14.8845
-13.5687	-16.7516
-17.7732	-6.40887
-7.59867	0.69902
2.99542	5.86688
5.68507	-8.78756
-10.8618	-0.217238
0.737713	-2.55385
-0.0451881	-11.2497
-13.876	2.53987
2.45612	-4.14509
-5.62729	-6.41341
-6.35596	3.70073
2.49336	-8.81701
-6.60415	-9.86291
-5.42655	-8.19303
-14.9711	-1.2583
-0.636169	5.61402
10.9036	-9.098
-8.92746	-5.68244
4.18905	-2.26698
-3.43855	-1.63334
-1.4732	-0.292429
-3.12805	-7.05853
-4.77381	-2.13742
-1.55979	1.99779
2.27556	-4.88657
-5.73677	-9.94324
-4.33291	-2.36317
-6.65464	-5.63028
2.79306	12.1366
9.92127	-14.3628
-10.846	3.83225
9.59451	-11.3261
-10.0287	-6.04888
0.464557	-2.49226
-3.07877	-11.0401
-14.4902	2.91116
3.90631	-1.81191
0.479546	-8.93672
-13.8387	-5.626
-9.28604	-3.32543
-5.98551	2.0215
2.39506	-5.95718
-2.69364	2.88054
0.6225	1.28803
0.524273	-13.6472
-12.0357	5.91811
4.88294	-2.64025
-6.13663	-14.0553
-13.9907	2.54268
4.27635	3.87655
3.63898	-23.5983
-18.1889	-9.73984
-8.89167	-6.07132
-4.69045	-1.58876
-2.11293	-2.18695
0.415489	6.26627
-0.719536	-2.73692
-2.41758	0.597747
-4.38159	-6.60934
-9.05234	4.30074
1.11114	-5.27629
-4.3098	-11.0074
-10.1039	-8.58697
-8.07837	-9.59916
-7.75718	-6.35217
-7.25019	-2.53918
-1.90219	3.49424
4.0118	2.58002
7.48602	-6.3757
-2.23461	-5.48469
0.535255	1.88298
-0.498874	-2.49707
-3.66663	0.376204
-1.85294	-11.4982
-1.58477	-10.5645
-9.97962	-14.0349
-15.0253	-8.90478
-7.28322	-1.61773
-1.61547	1.37599
4.79597	-9.3044
-13.3821	-7.58513
-7.7863	-14.0336
-15.0097	6.15215
4.34093	1.90858
-1.2755	-2.9036
-6.88902	-4.76947
-1.97181	-3.80075
-2.80916	-6.75367
-4.07341	2.22751
4.1465	-1.27419
-12.2699	-6.63753
-13.879	-5.71415
-5.88095	4.36196
1.01494	-3.57194
-1.88903	-7.45002
-7.58496	-5.10558
-5.71958	-1.51219
-1.16365	-2.97702
-2.46499	-0.781671
-2.4735	-6.01365
-6.30704	-9.95746
-10.9662	-7.64101
-9.79239	-9.03246
-8.2194	-8.74596
-7.45067	-10.8052
-7.99762	8.64754
9.61828	5.35818
6.76115	-14.9569
-8.29118	-4.76641
-5.73696	-2.07025
-2.85312	-4.99466
-6.98649	1.34675
3.78613	-6.36781
-7.1045	-8.65727
-9.03377	-1.78802
-0.424137	-11.3468
-10.6675	-5.07197
-12.3593	-9.48392
1.78971	-0.892049
-6.0737	-1.04099
-9.15996	-5.87401
-6.62459	3.84676
-4.79272	-2.67756
6.10506	-7.05118
-1.59836	-1.02642
-0.440749	-27.0194
-25.7712	-2.70172
-7.53203	-6.82801
-13.7236	-9.26043
-11.1066	-15.6131
-11.5471	-5.03558
-4.90068	-7.38697
-1.94613	2.88892
12.2457	7.45213
7.87729	4.99014
-1.41633	-6.24153
0.0200734	4.64698
3.63115	0.587309
-2.63887	-18.7977
-17.3563	-14.0101
-14.4728	-2.71775
-2.04378	-7.51304
-2.71092	4.62512
-3.66677	-4.73656
-0.802472	-4.08534
-2.9449	-5.98444
3.37424	-4.12474
-3.04689	1.70895
0.368606	-1.40057
-0.859089	-1.73401
-1.36044	2.0431
0.846728	-17.7095
-18.601	-14.6447
-15.6992	-0.745036
-0.956615	-2.50387
-10.9412	-5.12495
-12.8305	-0.494288
13.0972	17.4077
0.368787	-0.932127
-10.2708	-7.55636
-9.4437	2.61268
-2.21922	0.13578
-2.19565	-6.91771
-7.87315	3.66927
2.9653	-6.04405
-7.36942	-18.1653
-13.1941	-10.9947
-9.803	-6.19867
-9.30318	-9.26951
-9.7976	3.4957
3.47831	5.64924
4.85762	-2.4212
4.07086	-8.69747
-9.54396	-1.78414
1.13893	4.7749
-4.13514	-14.9479
-10.7929	-1.73141
-3.75573	-14.4471
-16.2706	-16.6444
-17.6944	-4.41712
-2.74889	-5.97786
-10.8282	-7.56062
-5.56715	-3.87446
3.77777	3.21052
6.70945	1.61387
0.61198	-4.23597
-4.72631	1.90209
2.439	-5.15974
-4.1619	-2.90403
2.57028	5.52326
-1.3181	-18.275
-18.188	-15.8854
-14.8912	1.27268
-0.532415	-6.33539
-20.2444	-6.81174
-9.17909	3.38776
2.3177	3.50142
4.23412	-7.0395
-9.25297	-5.87139
-4.70647	-2.57188
-0.871266	-9.09586
-8.30154	-3.71306
-10.6703	5.69679
4.75979	-6.79718
-6.49915	-10.7958
-10.8133	1.04944
-1.17673	-12.0644
-12.6854	-19.327
-17.4175	-6.18078
-2.96445	5.45378
4.97243	3.07787
-0.393091	-16.7269
-19.4423	5.43902
7.62296	1.54173
-0.399407	-4.57537
-6.37573	1.00529
1.31442	-11.1002
-10.9552	-14.1509
-13.3063	7.04826
4.2216	-14.3759
-10.5264	-5.59643
-6.86168	-2.28713
-14.6801	3.15364
-7.52706	2.28009
4.03878	3.12833
-5.77849	-8.69096
-2.645	1.76121
2.39281	-6.67539
-7.77703	0.544065
-0.819197	-12.3323
-12.0145	-13.399
-11.7012	0.44976
-0.0186692	-23.1723
-24.9729	-12.9405
-12.488	-0.269378
-3.42647	-12.448
-11.1716	6.67701
7.62166	0.224848
-7.27047	-1.12827
0.21534	8.11876
-1.39229	3.01039
0.935824	-4.25678
2.75665	-16.9054
-15.5771	-12.6275
-10.9034	-1.14996
-3.33536	-7.74674
-6.47903	-5.4908
-11.2216	-7.01377
-2.09647	-2.82228
-3.82993	-2.58499
-7.31695	-7.31927
4.86234	-8.86906
4.35045	-8.02158
-6.8982	1.64177
-6.24773	-1.06014
-0.827286	-24.2095
-24.8931	-0.384144
-3.24049	-11.6647
-9.46752	-5.48095
-4.30103	-8.8728
-5.67124	2.66298
5.23235	0.0733267
-4.53309	-2.57382
-4.07054	1.34641
0.555842	2.25766
7.51952	5.32759
-5.64232	-4.04488
-2.7226	3.61562
1.30889	-22.0046
-20.3573	-8.99705
-14.314	-2.86009
1.53035	-5.28867
-2.34973	1.25696
-4.42521	-1.2854
1.90274	2.96758
1.1494	-1.99449
-7.43933	-1.70419
-2.94655	2.4245
-2.1726	-1.73205
-4.57014	-1.94471
0.302217	3.19117
-1.0402	-3.11335
-2.55443	-5.42674
0.011464	-0.880691
-0.86337	1.2931
1.83207	0.648614
-2.28526	-2.42794
-0.881444	-7.89801
-9.04272	-1.40304
-10.4033	-1.6992
-5.68318	-6.49981
-3.14557	-11.9696
-8.61562	-1.36437
-0.22075	-1.12587
0.917763	-22.4588
-24.0928	-7.15215
-7.49044	1.08
2.39897	-4.31719
-2.17649	-1.48493
1.92286	-6.58481
-8.08354	-4.34053
-2.96486	-0.0987249
3.97923	-12.5202
-11.8264	7.35118
4.01372	-7.42079
-9.46769	-6.80365
-9.69877	0.898826
1.65938	-11.4648
-10.4134	-6.05004
-7.97862	-15.6475
-9.4955	2.72271
2.61855	-0.731466
-5.96718	-14.7602
-12.2356	3.6953
3.44318	-2.47129
-2.82117	-0.094729
-1.21861	-0.0238903
-1.65055	-7.887
-7.81364	-5.25826
-5.09419	7.66916
6.84356	-12.8954
-17.2074	-14.7085
-10.8657	-4.48241
-11.3851	4.79684
3.94407	-4.01893
1.48588	-8.71827
-12.5941	0.737083
1.83655	-8.95756
-7.97199	-6.86518
-5.23037	-1.93864
-3.38778	-11.1154
-9.00486	-8.59515
-3.09588	-2.7121
-3.4494	-3.61294
-4.56989	-8.70026
-7.45657	-5.39371
2.30668	5.12968
2.54481	-9.80996
-4.33997	-0.553079
2.45396	-8.64336
-8.43048	0.353625
2.75554	-4.56411
-5.47729	-0.541424
3.28138	-13.3559
-13.5103	-4.33329
-3.2275	-0.459373
0.421631	-12.2497
-10.939	-9.91218
-7.99034	-3.14815
-0.142417	-4.13323
-3.75028	-1.30141
-4.95433	1.64313
-0.809083	0.818888
-1.54425	3.64133
-3.03089	-2.91169
-4.79557	-2.19847
-2.07627	-10.1253
-11.1072	-10.6089
-12.0572	-2.19236
-3.12275	-16.1635
-17.1547	-8.13123
-8.04674	-0.830818
-1.52182	10.2551
10.3328	-5.50367
-0.0286759	-9.17904
-8.99423	5.10936
1.95916	-5.83355
-2.15785	-6.27489
-4.8947	-0.394839
-0.102586	-6.1065
-4.07024	-13.4706
-14.3859	-6.26051
-7.88782	-8.85619
-10.434	-6.76405
-6.892	-9.04816
-3.68317	9.49557
1.5888	-2.06456
-1.03028	2.95684
1.33786	3.71814
-3.04852	-8.0245
-5.04643	-1.82703
-2.59847	0.770631
1.42162	-7.02395
-9.85407	-18.3417
-17.921	-1.66035
-3.54158	-8.52737
-3.99676	-5.1179
-2.34422	-12.0238
-9.45952	-4.79065
-11.2643	-2.15616
-4.31907	-4.64322
-1.92746	0.389174
-7.96929	4.35541
3.71785	-4.42238
3.40946	3.00327
1.47098	-9.10764
-9.44976	-16.2479
-16.9656	-15.867
-15.0766	6.43894
6.79109	-7.75412
-9.66482	-5.99051
-4.5347	2.91881
1.7534	-1.3442
1.81104	-8.46225
-6.41533	-3.21961
-1.56822	-8.42147
-2.12568	4.67962
1.07471	-8.82067
-6.0615	-8.02969
-11.0519	-8.09729
-10.8075	0.0150704
-3.04078	-4.22882
-5.93909	-4.22368
-2.86736	0.0408319
-5.10937	-2.42597
1.64244	-4.54032
-4.17244	-11.1784
-14.0339	-1.55396
-1.39397	-6.34015
-4.99689	2.97421
4.24925	-5.07486
-5.34543	-4.24321
-3.34176	-12.8486
-11.1603	-5.11857
-0.892077	4.95807
11.0162	-3.53431
0.514358	7.8249
3.16191	1.55069
-0.239811	-2.62278
-3.5206	-5.52817
-4.13385	1.39353
-9.02835	3.05337
2.79984	-4.13668
-3.20267	-1.93138
-0.479164	-17.7453
-18.5128	-14.5765
-10.652	-1.16973
-2.57159	-3.80443
-3.19023	-4.37237
-6.80914	-7.91893
-7.21186	-1.55875
-0.443517	6.0199
12.5151	7.63609
-3.02264	3.61286
3.09662	2.26946
2.94403	-0.108632
-1.88949	0.895311
-7.08206	-6.33408
-1.75809	-4.48325
-4.82432	-19.1327
-18.9494	-12.3986
-8.43435	-4.17451
-5.81836	-8.41453
-10.6021	-9.2609
-11.536	1.0641
1.55373	7.09522
3.62002	-9.43423
-8.40607	1.51661
0.664017	-0.0856018
-1.59867	0.0779087
1.70443	1.14802
-3.44735	-20.3982
-22.7726	-15.4189
-10.0634	1.70902
-2.32637	-11.4757
-8.69653	0.277539
-0.000865065	-4.00017
-10.7125	-2.49076
4.84298	5.11241
2.36265	-2.23985
-5.385	5.26933
7.0396	0.61448
-7.08751	-5.77935
-2.71608	0.613867
0.309938	-13.269
-13.5324	-12.0847
-12.3055	-1.76233
-0.87093	-22.2147
-20.4408	-12.8817
-10.4573	-1.19291
0.4497	-5.84242
-0.395445	0.538765
-1.43625	-6.42661
-5.74873	1.54031
1.71354	-3.78094
-3.03528	-2.90947
-4.8955	0.957791
2.67013	-23.4808
-22.4843	-10.5577
-13.3578	-8.52231
-4.12307	-14.1682
-8.3992	-14.9089
-15.5975	-8.46157
-15.9909	-4.33602
-1.2018	0.142555
3.8348	-8.13421
-3.7342	-4.36599
6.30109	-3.18813
-9.10293	-4.46691
-0.832224	2.3541
5.04804	-9.12193
-8.70942	-11.5347
-9.90204	-12.6177
-6.98731	-10.5599
-11.3998	-0.406694
0.215931	-20.5058
-13.2875	5.07889
4.34309	-6.9962
-2.12542	-4.00067
-3.35623	-0.180357
-2.20106	1.62928
-0.157064	-6.07356
-5.4529	-1.0273
6.30909	-17.928
-18.9114	-17.0175
-16.3229	-1.61601
-10.2738	-9.06993
-2.95032	0.831685
-5.13385	-5.98761
-10.4347	5.01102
2.57172	1.94405
0.559376	-2.07595
-4.4872	2.08657
1.83536	-4.44403
-8.44597	-8.07012
-6.25789	3.56931
4.0628	-11.8869
-11.0406	-10.0515
-9.25137	-1.41395
-1.60348	-9.90876
-6.57971	-12.9497
-11.0293	-17.9965
-18.0968	-0.405733
-0.613183	11.7529
13.2182	-8.37356
-8.90685	-1.3471
-4.92415	-1.43609
0.346162	-3.13903
-3.24412	-0.0103744
1.94016	-6.31471
-6.206	-14.1937
-13.1937	-7.06395
-6.36539	-7.58047
-6.12382	-14.659
-15.9781	-6.90491
-5.32372	-4.91441
-4.30201	8.13553
7.79132	-12.7045
-19.5643	-6.82186
-3.34346	0.567881
1.0373	-1.02924
0.0515589	1.56847
1.89694	-10.8473
-9.86585	-12.4015
-11.2815	-9.27861
-6.54306	-9.17341
-12.4743	-5.7055
-8.9144	-21.6793
-15.751	-6.16942
-6.99093	-3.21657
1.47943	-4.45561
-5.09265	-2.55198
-5.46496	-1.06805
-0.164966	1.00702
-2.06478	-1.36356
-1.33797	-7.447
-8.73599	-11.9871
-11.6691	1.06926
-0.816264	-16.4329
-17.2904	-15.4846
-17.3424	-3.46602
-4.53087	3.67867
0.970937	-0.191649
-5.72441	-3.82097
-2.72229	-1.09724
0.708365	-7.69866
-10.0873	-2.41657
2.47552	2.62145
-4.18978	-18.0847
-18.2985	-8.82736
-5.49976	-3.01508
-11.3873	-2.76097
-4.17378	-4.56045
-5.13871	-3.7274
-6.96731	3.1813
3.47031	-5.40125
-6.42791	-5.803
-7.2953	6.05278
-6.08285	0.394424
-3.27342	-6.07521
-4.84721	7.32299
1.09083	0.116484
-1.13282	-11.5938
-10.6979	-11.31
-10.4707	-12.0301
-15.7847	0.254963
-0.134616	-10.5739
-7.33906	-3.88997
-2.65831	14.2638
8.22884	-13.1036
-12.9212	-11.16
-10.4541	6.96253
7.16798	-4.81683
-5.82257	5.4701
4.95703	-11.3983
-9.31152	-12.6111
-10.4762	3.07155
-2.04501	-15.382
-16.5603	-16.2725
-14.3054	-3.27155
-2.65711	6.71833
5.69576	2.06807
1.08827	-7.86554
-5.42952	7.36156
6.88807	-10.3684
-10.6508	-4.93375
-6.27635	1.72456
2.58254	-7.29532
-11.4179	-5.17779
-5.4151	-1.13635
-6.83414	-14.3323
-12.4012	-4.56163
-0.129568	0.604914
-1.84484	3.76012
2.7832	1.4612
-7.41679	-3.57418
2.72889	7.45127
8.53897	-5.95791
-1.03817	-2.09542
-5.13173	2.01485
2.69931	-16.7039
-16.2841	-15.0589
-11.9974	3.44595
0.3011	-8.74073
-9.43406	-11.0738
-2.82053	-5.70381
-2.45634	1.09524
0.234648	-1.40342
-1.84499	-5.47721
-4.7785	-1.38291
0.562035	-2.03057
-2.38896	-9.27727
-7.7374	7.64745
5.67514	-25.705
-26.8402	-4.8932
-1.4751	-11.4137
-10.4868	-5.22153
-0.179159	-5.95359
-5.17626	-11.3219
-7.84241	7.11961
5.56189	-6.46162
-8.34413	-4.45889
-7.95677	-4.48366
0.294469	0.0944958
-4.51011	-9.17755
-1.46596	-2.4275
-2.44916	-19.9677
-14.3636	-10.383
-11.8087	-7.09739
-8.88778	-8.19889
-9.69929	0.694177
1.80952	-11.1876
-12.1374	-0.486608
-1.73444	2.09765
5.3448	4.90504
5.72964	-9.98353
-7.75709	-1.02532
5.40078	-12.9612
-8.2622	5.18479
2.59202	-1.17636
-1.9988	-9.55765
-12.9681	-3.49971
-2.08565	-13.1132
-11.7063	-15.0822
-15.3842	-8.93864
-12.7008	-0.453339
4.84706	5.43468
6.10367	-5.75157
-6.79331	-2.22227
-0.891203	-2.7487
-3.32322	-7.44716
-4.29265	1.23228
1.56848	-9.72621
-8.83552	-18.2475
-18.3235	-6.262
-8.29399	-1.76071
-3.43335	-10.8731
-6.63208	-7.11452
-3.14083	8.16868
11.8876	-15.0126
-5.16692	-19.0007
-12.5265	-7.38353
-1.00944	-2.96603
-0.858354	-3.33978
-0.377969	1.57851
5.55811	-16.3766
-17.0587	-14.6377
-13.733	-1.6087
-2.60073	-5.15799
-7.00978	-9.34453
-11.2476	-16.2286
-14.0728	-4.53656
-1.96993	5.32812
8.09257	-4.9423
-1.07876	-5.48566
-6.89237	-1.7761
0.483635	1.44792
2.51965	1.26051
0.163134	-8.391
-7.23687	-12.5168
-9.64408	0.200082
10.7042	-10.5766
-11.5183	-14.1172
-13.606	-9.76562
-10.0027	1.04634
0.57066	-2.02938
-5.72403	-10.2656
-11.8398	2.30969
-3.90487	-2.83223
1.42698	-5.48546
-4.02881	-1.57829
-0.698286	-20.0696
-8.07771	-11.841
-13.8685	-3.39975
-2.69567	-14.5479
-9.15314	2.76396
-2.67534	-7.5958
-8.71469	8.13985
7.40178	1.14178
2.32782	-16.2688
-17.4737	-0.490663
-0.733832	1.59927
1.2533	-1.28067
-2.06489	1.94478
2.00174	-9.12502
-8.22469	-16.4846
-14.4499	-13.7483
-14.638	-4.41549
-6.39819	-12.4497
-12.1958	-10.6997
-8.67067	6.61054
5.92125	-0.984068
3.37094	-12.7294
-12.6273	-0.834096
0.220776	-9.75061
-5.33259	5.23093
7.44614	-4.46622
-5.35996	-6.1434
-5.34494	-12.9833
-11.3629	-9.14094
-6.03702	-1.81009
1.03786	-8.60811
-9.86953	-6.51282
-8.40958	8.61797
4.23252	-13.1439
-11.0566	-1.42435
-3.50232	-10.5991
-12.3934	-0.105587
3.54454	-0.17991
0.95086	0.347533
2.6572	-9.2836
-10.8041	-8.9306
-9.07592	5.64867
-1.93336	-1.07379
-1.55314	-3.45139
-6.72445	0.666511
3.03173	1.18697
1.48535	-2.58709
-4.34404	-4.69192
3.2734	2.90144
0.611219	-2.19024
-4.45266	0.597723
-8.47117	-4.09773
-6.6303	-0.737962
-1.33172	-0.878381
2.29964	2.9754
1.19484	1.47035
-8.0298	-6.80646
-10.764	-6.43704
-5.60423	5.73571
6.11328	-15.2509
-19.6073	-11.0425
-10.9087	0.736568
8.37747	-1.36297
-7.34209	-2.67943
-1.9969	4.17401
-0.866005	-3.48593
0.963717	-1.17877
4.05945	-8.47777
-9.64799	4.55377
8.46215	-11.9188
-12.2105	-17.3727
-17.8332	-6.04216
-5.02765	-14.3934
-14.7508	-10.2367
-6.8344	-2.36122
-2.15622	0.95596
-0.0309041	-5.10342
-9.76762	-5.8658
2.41388	5.9385
-6.3593	-5.97048
0.766312	1.93721
9.14823	-0.384376
-3.44704	-16.0769
-19.391	-2.74057
-3.69229	4.47415
1.07859	-17.3445
-25.3797	-15.228
-14.975	-2.66344
-2.28256	-6.82779
-4.26535	-5.76901
-6.05911	-7.38047
-8.90202	6.69423
7.86518	-16.361
-10.374	-1.77624
-1.70859	-3.90503
-1.34506	-22.3243
-22.9145	-6.27937
-7.74571	-3.22499
0.180562	-2.50673
0.55253	-1.6145
-7.83112	1.12592
2.89414	3.09707
-4.78135	-0.838543
-4.3451	-5.44726
-1.84795	-3.76021
-11.698	0.442712
1.33282	-4.15196
-4.15428	1.10034
0.127299	-7.68387
-3.85393	-4.32808
-12.6973	11.7814
1.98784	-14.5282
-10.7507	-13.936
-12.0196	-14.7655
-15.4453	-3.74193
-2.66711	7.03221
4.93654	-7.95737
-7.36065	3.84242
9.40646	4.03967
3.83603	-4.3432
-2.57453	-0.386982
-7.07003	-7.99121
-9.31341	-6.71516
-6.91765	-2.2077
-9.10815	-1.92059
-10.9028	-11.919
-11.4375	-7.0608
-8.5059	-7.28696
-7.02437	-1.04468
-4.37376	5.36703
1.65003	3.03595
3.72013	-0.501573
-2.593	-7.81515
-4.1328	2.96566
3.16358	-11.9046
-12.0859	-0.547356
-0.968125	3.51212
-1.41987	-10.9942
-10.5371	-11.4439
-10.4709	-2.84843
-0.637567	-7.63085
-9.13515	-10.0376
-4.35083	-5.48449
-2.55374	-2.25958
0.263807	-1.6903
-0.426619	0.0303678
-1.21663	0.455129
-2.77876	-12.3816
-16.1591	-6.80608
4.53444	-1.1328
-0.922481	-2.23315
-4.49923	-10.1485
-13.2563	-2.68504
-5.25666	2.24902
4.32264	-0.00917127
-0.937137	-12.9306
-16.6442	0.131481
-2.43784	1.32261
2.82654	-0.190131
-0.741246	-1.73653
-2.02164	-10.598
-10.1827	-16.1728
-14.7132	-12.6902
-9.91138	-8.61507
-9.78102	-6.87837
-8.27927	-23.8244
-13.2983	-1.3935
-0.00258669	3.56617
-0.656637	-3.83175
-4.34016	0.582495
-3.17865	8.36254
5.18338	-9.50758
-6.77549	-3.49802
-6.25446	-5.96592
-3.89718	-7.41713
-9.0029	6.59259
3.01437	-3.06438
-2.3355	-10.5435
-9.77333	-9.23544
-10.0914	-0.62497
-0.997352	0.0769336
-0.389701	-5.18555
-3.83843	-10.7523
-10.6467	-0.786511
-2.21673	-0.0875646
2.54681	-3.71985
-5.54536	-21.8423
-23.5222	-5.96768
-9.26804	-8.87504
1.48694	3.30072
-4.4733	-4.96206
-1.55042	0.958243
-3.48381	-4.1024
-5.55789	-3.82735
-0.498114	3.2114
6.4158	-2.69687
-4.6055	-2.60199
4.31424	-0.137344
-2.40517	-4.31223
-4.45532	-9.57683
-9.42438	-13.1168
-13.6427	-3.65458
-3.7353	-6.32137
-4.71992	-3.05816
1.28104	8.42571
4.39607	-0.672256
-3.8082	5.59798
-0.41631	-0.637862
-9.81099	5.97879
8.26013	-10.0941
-6.43875	-7.58605
-2.44832	-5.12585
-3.03595	-16.8347
-5.41443	-9.17603
-14.3254	-5.56018
-5.56885	-10.2416
-12.5679	-8.7743
-9.53106	-7.11791
-7.23121	8.85889
-0.294526	7.62397
7.94777	-6.77851
-2.16134	-5.96
-5.24926	-8.38712
-4.58262	4.13718
0.431462	-2.63423
-0.219132	-3.90533
-5.53267	-13.2033
-14.2485	-7.54944
-8.33291	-12.7995
-14.1094	-13.5591
-13.4018	-0.810505
0.748256	3.91368
0.774599	-2.20782
-3.43567	-7.14461
-6.0367	-0.325307
-0.952784	-13.5473
-13.3916	5.66376
4.87835	-2.91717
-6.82618	-11.0649
-10.6352	0.405773
0.0930262	-0.803829
-1.25908	-25.6682
-27.5705	-7.09308
-11.091	-8.42558
-10.7412	-9.48094
-7.23571	6.48339
-3.10538	-3.76711
8.65227	1.45157
-2.38047	-7.39197
-13.4062	2.52879
7.64389	-0.961379
0.512371	-24.7727
-25.0722	-5.12688
-9.29435	-9.9411
-5.82515	-9.10131
-11.1283	-17.3113
-16.6729	-0.955995
-5.98245	-2.34095
3.72735	-3.43231
0.00945646	0.730572
-6.96321	2.96384
9.63156	-5.91255
-11.0871	-1.53159
-0.162573	0.680161
-1.10036	-10.5091
-7.53531	-1.50115
-3.50686	-5.72697
-8.41879	-4.97428
-1.71347	-2.79801
-5.1762	-5.80588
-1.32398	-1.80478
-4.91653	-4.87378
1.59037	-7.51874
-2.46859	-0.415498
-7.13512	-4.96075
-7.22041	-14.7104
-17.9067	-2.53108
-8.53099	-11.342
-10.7265	-11.2556
-12.2483	-0.915025
-2.84104	9.1866
7.90568	-6.26265
-6.83401	-2.68771
-4.23125	6.44149
3.18311	-9.61198
-8.22238	5.05432
0.527384	0.698918
2.81244	-19.1435
-12.0801	-1.33402
-5.08021	8.6125
9.94079	-12.2715
-14.1492	-12.9681
-12.0052	-7.16
-6.72065	-3.83687
3.86568	-10.5447
-13.8124	1.52487
4.90535	-5.51946
-5.03856	-5.68293
-6.53093	5.02605
6.86558	-10.2349
-8.66417	-5.60794
-5.00654	-3.76834
-2.07891	6.07261
3.91629	-11.9388
-9.52788	-13.9455
-6.79871	-8.89098
-3.18281	-5.9452
-4.48228	-0.596316
0.305931	-3.76355
1.26464	2.76172
2.14293	-14.0278
-13.3556	-0.19492
-5.16295	-0.251281
2.41072	-9.2668
-6.53192	-16.1432
-8.30192	-1.14041
2.01743	-8.507
-5.87677	-2.63508
-0.961907	-2.80882
0.685016	-0.0162612
0.327761	-5.3257
-8.38431	-8.35013
-3.02098	-6.47019
-12.3241	-0.488285
-1.53685	-2.48372
-1.1371	-3.21897
-4.86802	-10.9669
-12.2316	-11.3195
-11.0356	-4.09362
-3.29314	-14.3534
-16.7211	-11.8852
-12.3249	-7.27684
-6.58511	0.78704
-0.357947	-2.38357
0.450408	6.6712
-0.358093	1.96634
6.06297	-11.1187
-3.67931	-3.57586
2.89235	-8.31051
-10.883	-14.1162
-13.6531	4.56274
5.02393	1.12032
0.297672	-19.7661
-21.5172	-10.4188
-11.964	-10.6731
-14.3237	-12.6257
-12.395	-6.042
-2.34723	2.26494
-1.96833	-9.78298
-5.76176	-2.99419
-9.09663	-4.34513
1.2983	-4.93368
-1.42555	-10.3145
-7.43441	-16.2851
-15.3416	-8.0812
-8.23608	-13.3829
-11.6819	-9.3708
-4.98293	-15.3056
-17.7552	8.20233
6.96096	0.804123
-7.33054	-11.313
-8.18274	-12.6041
-14.8999	6.02548
6.48466	-4.56835
-3.77311	-0.525523
0.141167	-9.05237
-4.20008	-3.73448
-9.78045	3.8232
5.84505	0.217651
-1.29036	-5.69481
-7.99749	-2.9142
-0.915916	-1.87678
-3.82639	5.3965
4.45499	0.627231
3.55597	-13.0469
-12.8847	2.14073
-4.59923	-3.35892
-4.56141	-0.438696
0.679541	-6.64963
-8.13443	-16.8024
-17.2301	-5.93531
-8.44649	-12.097
-10.8759	-5.54135
-5.84647	-4.19349
-1.64504	-1.42678
0.149506	4.09599
4.1167	-23.0037
-20.4279	-2.04868
-4.0266	0.275681
-2.48983	3.93625
3.66635	-1.12982
-1.59712	-7.32074
-6.8495	-11.9305
-10.2953	-7.97321
-5.37365	-6.13453
-7.39548	-1.69511
-4.16156	-19.0744
-11.6198	4.99651
6.29084	-4.55661
-6.92625	-2.58089
-4.50672	0.598691
3.68863	-8.65936
-3.64692	0.330212
-0.156822	-4.38831
-5.13874	-2.73823
-4.40297	0.359231
-5.26522	-0.711933
2.84891	8.14172
0.082714	3.04077
-5.8284	-0.389347
-0.495556	-2.19178
-4.73307	4.35777
4.34872	3.25165
1.05833	-1.35331
-1.24233	-3.8557
-6.46819	-6.79264
-8.05083	-15.5885
-13.4524	-7.83007
-2.62919	-1.14496
-7.16377	-7.87651
-6.82906	5.97159
6.65496	-7.72206
-1.93089	-4.76942
-4.04892	-9.96328
0.422646	-3.31469
-5.30983	-3.30116
-2.45538	-12.6609
-13.0732	-15.2253
-15.8649	-0.613084
-0.713012	-8.95311
-10.3461	-10.2998
-12.6766	3.20526
2.7422	-1.60214
0.0797523	-1.66556
-2.55934	-3.28065
-4.47605	1.10146
2.85276	-2.02151
0.0578435	-11.1727
-8.0809	0.549525
1.44886	-12.0694
-12.5156	-13.199
-14.2715	-5.52314
-5.05962	-13.6642
-13.8008	-7.91133
-7.4863	0.136434
0.0578947	4.89644
4.73853	-5.83144
-6.42039	-13.3572
-12.794	3.12041
1.99239	-3.83239
-7.10202	1.87576
2.95141	4.41451
3.61904	-12.0405
-11.3317	-7.62258
-5.31499	-0.167957
3.01362	-15.6326
-16.9259	-15.6584
-13.8743	-7.17864
-6.17101	-2.5231
-3.80328	-11.721
-9.32407	8.37538
5.89368	-3.10588
-3.50358	-12.3893
-13.1534	4.29463
2.49281	1.9558
2.79485	-14.0081
-14.584	-14.559
-14.6854	-6.64996
-7.82737	-10.5809
-9.84799	-7.59694
-7.53889	-1.79943
-5.32569	11.9537
10.7919	-0.21382
2.50599	-8.18882
-4.49563	6.77432
3.65584	-8.72326
-10.2806	-4.4125
-2.10717	-5.57183
-3.85515	-8.32434
-9.10159	-15.0977
-15.6894	-6.32634
-5.39613	-11.5719
-11.233	-8.73167
-8.94547	-6.9556
-5.92808	12.3991
12.6231	-17.2504
-16.1383	-10.2054
-8.74754	-2.29394
-5.07053	-7.24835
-8.08524	-6.40365
-6.47737	-4.88709
-3.92807	-6.65877
-6.4785	-10.4056
-13.2529	-6.32966
-5.26599	-2.54919
-11.3407	-11.0188
-5.78305	-2.59047
0.8572	4.1144
0.552709	-13.7198
-5.76715	-6.07493
-3.07369	-4.36676
-2.3979	-1.48811
-9.1236	-3.82131
-0.419274	-5.1449
0.250834	-18.883
-17.6689	-16.4844
-14.7501	-2.75358
0.0700866	-2.05122
-4.7286	-3.49649
-11.958	2.07592
-5.07252	-11.1457
-10.9508	-3.74186
0.785959	-1.30339
4.16389	0.451978
-2.52088	-3.88038
-3.77912	-2.58982
-9.39986	3.79221
0.133426	-6.29159
-6.29401	-8.62254
-17.5784	-5.72677
-5.03153	1.50118
-2.4481	-9.56196
-9.47883	-4.00718
-1.84797	8.10424
4.24545	-14.4814
-9.31092	-4.31601
-2.1012	-4.20634
-6.34935	-4.06708
-5.60831	-3.31999
-4.28399	1.60096
1.90682	-3.58101
-2.53779	-1.15759
-0.48283	8.15256
3.03614	-7.81262
6.54989	0.114749
-5.82991	-1.08147
-4.71682	-5.10839
-1.82599	-3.44079
-6.34723	1.38223
-2.60205	4.61736
5.8974	-12.3878
-11.8902	1.8346
-0.991378	1.25851
1.27024	-8.30007
-9.4326	-20.9469
-19.5734	-6.72298
-6.55406	-9.17276
-8.48809	-4.31411
-6.42257	-6.78233
-15.273	8.45106
7.05558	6.523
6.91368	-3.88401
-3.51559	-4.58499
-5.4543	-1.46401
0.000276281	-1.49045
-0.0955842	1.38665
0.403595	-8.56829
-9.68377	-16.9698
-17.823	-13.8349
-13.7026	-6.32849
-6.87945	-9.18891
-7.34358	-16.5176
-12.9111	-6.09284
-2.29006	16.0292
10.0436	-7.32058
-10.4409	-12.0708
-7.85671	4.48348
-3.69389	-0.751801
-2.977	-2.01173
-3.92182	-9.00901
-8.79173	-17.2266
-15.9886	-9.90884
-8.43478	-9.5213
-9.13848	-6.03879
-7.15705	-2.61866
0.0149608	6.27243
4.36931	-6.1923
-5.91692	-13.5426
-8.97287	2.76787
5.51778	-9.89543
-12.5169	0.241844
-6.40011	-0.524873
-3.13433	-22.0162
-23.4156	-4.56476
-2.00722	-2.68288
-6.54611	-7.87559
-8.0471	-3.78776
-6.48522	-4.33438
-3.15693	5.60678
6.19771	-6.4054
-7.8691	-15.6717
-12.4984	-2.02171
-3.93682	-5.41435
-3.32891	4.48069
0.734437	-0.751226
-1.20338	-6.30216
-7.72061	-9.31108
-9.33228	3.88622
5.01875	3.26021
0.691834	6.17841
1.25247	-1.01846
3.4795	-4.63949
-2.30563	-1.98285
-0.608568	-5.66047
-5.20644	-2.71025
-2.14143	7.39001
-5.06198	1.20287
-0.637786	1.59547
-1.28659	-2.50189
-4.96826	-0.804061
-5.58353	-2.77386
-0.989251	-2.99306
-12.6012	-2.18859
-5.3586	3.45106
-6.67919	-3.24278
1.06641	3.38961
2.2214	-1.58294
0.42455	-20.1219
-17.9128	-12.9346
-21.9394	-16.9625
-12.5024	-12.3434
-9.11248	-12.0123
-10.898	-3.51081
-1.23659	4.68335
0.751668	-2.95148
-4.81429	-15.5828
-16.253	4.85143
4.25379	1.48336
-0.927302	-3.23954
-2.56819	1.7941
4.49983	-10.0096
-10.2556	-16.0729
-14.9963	-2.20549
2.49555	-15.177
-17.1779	-11.8129
-16.7174	8.67054
1.36026	1.59611
-12.5899	-14.6789
-9.01035	-6.9925
-5.15155	3.07575
-1.59657	3.83482
3.99685	-6.63159
-6.49947	1.31257
-3.07212	-13.1055
-13.692	-7.60519
-8.49763	-0.800261
-0.987522	-24.0337
-21.1885	-14.455
-13.8144	0.658151
4.21668	-2.63524
-1.12136	-5.64444
8.42908	-0.859449
5.92807	-1.99781
-6.09928	-5.90577
3.70349	6.94067
3.55388	-1.2814
-1.56846	-14.6873
-15.4467	-11.404
-12.9742	-3.88883
-2.76951	-10.9608
-8.11728	-4.04728
-4.56301	-3.95551
-8.82999	1.55879
3.75055	1.1292
1.09645	-11.6681
-10.999	-5.02049
-5.69034	-3.29646
-2.42166	-2.09085
-5.32783	1.54573
-3.85234	-11.2317
-8.2253	-17.3434
-15.5864	-4.81594
-2.17362	-12.3948
-10.3667	-5.62472
-7.26565	-10.4832
-9.85875	4.76154
7.83157	3.23207
-1.94961	-12.5546
-12.043	-1.34779
-5.463	-1.87561
-1.87797	-1.42439
-2.29014	-6.68636
-6.29475	-9.02598
-8.56859	-3.50602
-3.74742	8.35861
8.34045	-12.2295
-14.5518	-9.87865
-8.54345	-3.56655
-5.61577	-8.72487
-10.4234	-4.81038
-5.7675	1.85626
3.08818	1.37083
0.302956	-4.84387
-3.38469	4.75403
3.21525	-5.26919
-5.26876	-11.5157
-15.0029	5.23295
-1.94287	2.6515
-3.37674	-1.59868
-2.99862	-2.72191
-6.52203	-0.566756
0.0994747	-1.08587
-10.0356	-4.29731
-0.0787893	0.930872
-0.966709	-5.10359
1.47403	-6.70212
-6.33076	10.7911
3.54504	-1.41425
-4.0445	-23.366
-19.4783	-2.54888
3.83168	6.51652
8.68738	-22.8143
-26.6523	-8.66454
-9.72073	-4.06176
-4.37358	-11.3503
-6.82277	-1.12604
-1.62363	4.61368
2.92239	0.992433
3.08339	1.55889
1.54435	-13.5873
-11.3778	-5.22779
-2.97441	-8.43337
-8.91015	-13.9143
-14.3386	-8.73325
-10.772	-4.6587
-5.80708	-9.13524
-7.05166	-9.12277
-7.39829	0.589404
-0.849438	-1.98041
-6.26158	-0.696991
-4.56298	-10.7661
-14.3044	-4.57489
-1.17369	2.93977
-3.30963	3.58646
2.72757	-16.1288
-13.6612	-14.4327
-15.318	-5.27917
-4.81388	-5.73316
-8.79253	-3.97672
-9.53043	-4.49853
-1.29669	-2.4601
-2.00801	2.47524
7.51292	2.5723
-0.0703717	-5.84546
-2.34742	0.0257474
4.90071	3.12472
-2.79437	-5.71534
0.06975	-19.3248
-19.303	-14.1548
-15.0572	0.316364
-7.39641	-7.90305
-5.31043	-10.3721
-2.51719	1.06184
-2.08826	0.474451
2.61418	-11.4791
-4.16789	-2.1524
-1.4897	-8.22698
-0.315828	0.139607
2.59836	-6.20479
-1.55281	0.665073
-0.0357236	-22.9742
-20.6367	-8.76794
-7.27461	3.65259
-3.46604	-8.77027
-6.78499	-4.0946
-6.12737	-1.17845
-4.40518	0.196894
-0.421809	-3.48723
-1.79772	3.50918
3.64736	3.66079
5.13875	-10.5679
-13.7312	0.0339124
1.33087	-3.00895
-9.45569	-5.50427
-7.78159	0.768895
-0.712039	6.75086
6.09422	-10.5749
-9.9676	-5.53176
-3.59668	-9.40649
-8.94039	3.6002
8.26279	3.94548
3.56521	-14.0764
-11.5966	4.94138
10.9664	-10.5957
-4.47288	0.273264
-0.247995	-8.23236
-6.21722	-19.0043
-20.9327	-6.33939
-3.92267	-7.15649
-11.2368	-6.67866
-10.5759	-11.6549
-6.39469	1.09344
-5.83631	-4.97888
-0.148373	-2.36617
-4.23439	-4.45747
-7.55488	-1.25999
-2.19664	1.6316
2.64277	-5.10341
-4.09709	-1.87374
-2.20441	0.406557
1.99196	-10.511
-11.189	-12.822
-9.95762	-12.0279
-12.1157	-0.868228
-0.0179726	-0.325123
-2.72951	-4.44092
-2.91937	-6.67275
-4.07704	-2.87709
-5.61389	-1.40002
1.68492	-11.0713
-9.9071	0.118797
-1.08822	2.21865
1.83641	-3.66803
-12.2262	-2.81374
-6.80439	0.401744
-0.405397	0.778468
0.786403	-5.30135
-8.29654	-5.32624
-6.57803	6.27659
-1.96784	0.295402
2.50071	1.02197
-3.12796	-2.81535
3.64368	-3.88757
-4.66092	1.67013
0.110024	-3.25202
-2.2244	-7.68459
-10.6232	-10.4709
-15.1848	-13.9437
-12.4839	-7.54706
-7.30847	-6.08165
-5.37294	-6.13714
-6.36635	9.48737
11.5217	-5.06746
-7.26911	-9.99233
-8.82823	-3.31914
2.5617	-3.42325
2.71395	-3.02184
0.316438	-2.27147
-6.20656	-9.06596
-7.50078	-8.06189
-4.73425	1.1962
3.11191	-2.26297
-7.01544	-1.90059
-6.47883	0.274448
-0.873417	13.311
8.88957	1.84113
1.13383	0.360181
-4.09732	-7.68363
-4.06826	4.37341
-2.01187	-2.81104
-3.17263	-5.22137
0.0175514	-5.82295
-5.84003	-5.55007
-5.25596	-7.5967
-6.28429	-7.52351
-4.5232	-5.05781
-3.84809	-7.25136
-6.2705	-3.06817
-10.3605	-3.95398
0.812799	-3.47532
11.4595	2.59231
-0.114125	-6.21062
-1.31486	-4.85377
-4.01482	-0.857162
-5.04715	-9.61789
-12.0066	3.40955
5.2386	2.7755
1.04306	-18.815
-22.3372	-5.75305
-11.6583	-9.82492
-7.83736	-4.64192
-3.12132	1.29604
-2.14289	3.28707
0.71171	-2.19853
-1.03127	-12.8869
-12.2022	3.8867
1.0696	7.16676
5.01361	-11.7203
-12.4899	-14.9364
-14.1102	-8.74261
-8.64583	-15.0648
-17.1952	-7.97468
-10.7798	-8.73774
0.211621	4.82297
-2.63772	-12.1425
-5.57013	4.84637
0.966992	-5.00783
-8.00432	-2.06746
-5.23223	-1.69042
-0.721295	-7.78782
-8.42937	-11.9035
-11.2984	0.685841
-0.824639	-1.87785
-2.15013	-23.2339
-18.2389	-5.90715
-3.0813	-0.456716
-0.40755	2.10216
4.44319	-9.25057
-9.84093	-7.04829
-5.07725	-1.9217
3.01114	-6.32647
-1.40174	3.73861
1.64771	-3.94353
-3.51087	-10.6346
-10.2467	-7.65093
-9.91994	0.711286
3.66919	-3.00267
-7.32802	-4.22764
-0.6661	0.560099
-2.4625	0.648404
1.2176	6.81629
-5.68244	-4.27287
3.05201	1.77519
-9.55874	1.82151
-4.34571	-1.42934
-5.6027	-9.84198
-8.23977	4.86531
15.4581	1.27076
-9.67649	1.0398
8.91738	-2.00341
5.50743	0.582817
-3.02395	-2.86622
-0.607191	-3.36026
-7.36926	-20.5139
-19.1798	-9.11892
-7.97056	-4.60582
-5.68964	-9.232
-8.54532	-4.96484
-6.01809	-15.9863
-17.8668	12.3125
11.8238	-7.74283
-4.29025	-3.71709
-0.082406	-7.14524
-10.0866	-10.4069
-9.09833	2.46421
-0.548261	-6.92835
-4.43948	-12.0685
-12.4494	-16.8569
-16.2157	-8.76088
-9.07099	-4.63544
-6.44565	-1.51592
-0.518248	-15.6031
-17.4563	11.5582
12.9506	1.00847
1.13289	-3.44402
-3.32723	-9.37153
-6.33447	-2.79099
3.27646	-0.776593
2.07578	-0.500777
0.189679	-12.011
-11.8718	-16.6979
-15.6786	-14.1032
-18.0426	-7.22559
-11.4074	2.92113
3.3531	-3.43053
-1.13278	-3.89956
0.194866	-0.788965
-2.02609	-5.22667
-1.9059	-1.07833
-1.51647	9.45932
6.57454	-14.5464
-15.9499	2.56223
6.46048	-8.26329
-8.96795	-17.0711
-17.946	-17.0218
-14.7736	-5.54409
-7.31021	-4.54695
-7.15943	-0.526495
3.25589	3.77454
0.584038	-1.39227
-2.38721	-14.0551
-8.15907	-2.61407
-4.22976	-7.6975
-8.73192	-3.17269
-1.80346	-2.3639
-2.01527	-12.3411
-12.6885	-1.72576
0.526156	-1.40383
-0.231178	-24.9517
-23.8075	-11.1159
-12.2044	-15.9778
-4.03535	-0.389096
-5.16163	-7.04574
-1.7807	-7.66524
-3.51272	-0.909717
-2.89296	-1.6984
5.39306	5.78922
-0.246103	-2.39414
0.379518	-16.6799
-16.0187	-17.2078
-18.9601	-2.96357
-2.58455	-11.4544
-9.52448	-7.83306
-13.277	-6.92163
-9.59383	-3.74279
1.90077	0.467919
-2.53569	3.15999
1.61815	5.61233
-5.37008	-7.88441
-13.5062	-0.0504239
1.48561	-2.00659
4.42889	-19.037
-17.7803	-14.3408
-11.894	-4.39025
-1.72251	-7.10836
-10.5472	-1.55662
-3.74795	-9.63027
-5.45909	6.38568
7.52365	1.37632
2.13395	-6.15448
0.244445	-1.22043
-4.28305	-3.97708
1.39687	1.45572
-0.365567	5.97338
0.560571	-20.8478
-17.4165	-15.2957
-15.924	3.98167
2.16523	-4.42833
-7.97198	-8.40687
-1.64619	-4.29776
4.02901	5.76595
-5.89679	-2.05988
-2.98424	0.0375438
2.83631	3.37764
-4.74856	2.16974
5.12494	2.88147
3.53375	0.523137
0.662965	-19.0565
-21.0203	-12.8655
-15.9365	-0.148714
-2.73786	-5.71664
-10.4577	-2.70963
-5.16462	-4.11294
-1.07165	-1.99304
-11.157	-5.82165
-3.82458	3.11513
0.762894	3.11473
-5.13	-3.77048
-3.82481	-0.100096
-0.727268	-0.933935
3.5704	-19.2478
-18.4409	-11.6124
-14.2018	-4.40874
-1.14759	-6.0673
-7.0215	-11.5692
1.50744	4.90576
-7.28877	3.81501
8.03746	-4.1842
-2.11471	-11.4351
-12.5272	-5.66897
-8.84143	-4.97544
-7.26611	3.7368
-1.96894	5.2863
5.9006	-2.27455
-1.89563	-6.22087
-5.58193	-13.7373
-16.2233	-10.8616
-13.8583	-8.14952
-9.21686	3.34808
4.06628	-5.74392
-3.20692	9.33806
2.41713	-4.15268
-2.56985	1.73079
0.83985	-9.74498
-7.79553	-2.6578
-4.15407	0.204307
2.87794	-5.06264
-3.47413	-2.55347
0.346544	2.39092
5.56223	-7.87232
-6.88469	-4.18755
-5.41757	5.3527
-4.72129	-12.9863
-18.8808	1.78947
6.20949	7.88982
8.40065	-11.5629
-8.01919	-2.00129
-3.5478	-2.06348
-7.70822	-6.82025
-0.822203	-19.7155
-25.0217	-12.4222
-7.06784	-3.82793
-5.35144	2.57298
-2.57334	-7.13572
-8.14216	-5.13837
-5.44105	0.969599
4.52837	6.94248
0.291129	-2.10596
-4.92235	-0.087962
-0.905821	-5.44894
-4.36361	-2.60682
-2.59973	-2.24956
-3.03796	-10.2942
-8.90145	-11.5323
-6.67119	-3.19217
2.05211	-3.69555
-5.94557	-11.3411
-10.5894	-8.49443
-6.02781	5.47991
1.59355	-0.588656
-1.3307	-3.62589
-3.71269	-2.2777
-2.66284	-0.955931
-1.31525	-2.53348
-1.4738	-2.34214
-2.34376	-10.048
-10.2236	-7.90654
-6.97337	-13.7249
-13.1955	-9.86428
-11.0617	-5.07602
-6.61453	-18.3856
-15.2141	-6.19608
0.0612471	-0.48446
1.75732	-3.24219
0.602494	-5.74276
-1.78685	5.19957
-2.78112	-5.01368
-3.0466	3.14537
3.45512	-15.0807
-6.54213	-15.9139
-17.0618	-2.69393
-3.14422	-8.54109
-4.74353	-9.28664
-7.02613	-3.83443
-7.57114	7.8953
6.1254	-6.49479
1.94479	-1.65409
-3.20514	-4.95686
-7.78701	5.32681
2.05195	-4.44835
-4.16784	7.03279
2.47779	-13.0254
-13.0155	3.99254
4.8465	0.689898
0.813685	-21.5777
-19.3349	3.15232
1.96178	-10.3429
-13.6307	-7.01869
-6.81954	-2.3921
-2.41915	-5.85139
-5.07286	-7.43405
-9.95005	-4.87459
-2.92952	-1.01687
1.29425	-0.434895
-3.63893	-10.5569
-10.2689	-3.41859
-7.19725	8.89128
11.4396	-0.199179
-4.47975	-2.99401
-4.45002	-6.25827
-3.59689	3.88921
1.39703	0.311471
-1.76025	-3.52845
2.67295	-1.39649
